"x"
NA
NA
NA
NA
25.470588684082
25.0588226318359
25.764705657959
25.8823528289795
23.1764698028564
22
20
18.8235301971436
18.235294342041
17.6470584869385
16.8235301971436
18.1764698028564
16.1764698028564
12.9411764144897
14.2941179275513
56.529411315918
36.1176452636719
20.8823528289795
14.8235292434692
13.3529415130615
14.5882349014282
23.764705657959
25.529411315918
19.1176471710205
19.8235301971436
23.3529415130615
21.1176471710205
20.0588226318359
20
18
19.9411773681641
21.1176471710205
25.1176471710205
19.8823528289795
22.9411773681641
25.0588226318359
37.1764717102051
59.0588226318359
104.058822631836
99.1176452636719
74.4117660522461
61.3529396057129
52.764705657959
53
53.0588226318359
42.1176452636719
38.294116973877
44.235294342041
51.1764717102051
52.5882339477539
49.3529396057129
43.529411315918
42.3529396057129
46.294116973877
48.294116973877
52.3529396057129
52.294116973877
59.0588226318359
52.3529396057129
44.764705657959
38
38.3529396057129
32.5882339477539
34.0588226318359
32.0588226318359
29.8235301971436
28.6470584869385
30.764705657959
30.9411773681641
27.8823528289795
26.470588684082
25.235294342041
23.5882358551025
21.4117641448975
22.0588226318359
22.470588684082
27.4117641448975
28
26.764705657959
27.8823528289795
25.470588684082
24.8823528289795
24.0588226318359
23.9411773681641
21.294116973877
19.235294342041
17.6470584869385
18.764705657959
18.705883026123
17.5882358551025
17
15.7058820724487
15.2941179275513
14.764705657959
13.529411315918
21.764705657959
46.1764717102051
23.8235301971436
15.6470584869385
12.2941179275513
11.8823528289795
16.235294342041
19.4117641448975
40
37.529411315918
24.705883026123
19.3529415130615
16.8823528289795
18.6470584869385
22.8823528289795
26.294116973877
35.4117660522461
27.294116973877
39.8823547363281
25.4117641448975
26.470588684082
53.9411773681641
113.058822631836
96.5882339477539
84.8235321044922
72.470588684082
77.529411315918
73.1176452636719
76.0588226318359
66.2941207885742
53.1764717102051
46.1176452636719
40.0588226318359
43.1764717102051
44
45.6470603942871
46.1176452636719
48.1764717102051
46.5882339477539
47.8235282897949
45.8235282897949
50.1176452636719
47.470588684082
42.9411773681641
50.9411773681641
51.9411773681641
35.1176452636719
29.529411315918
26.764705657959
28.235294342041
32.9411773681641
27.6470584869385
25.705883026123
24.5882358551025
25.764705657959
23.5882358551025
24.529411315918
22.529411315918
23.4117641448975
21.764705657959
20.294116973877
25.3529415130615
29.529411315918
29.705883026123
27.6470584869385
25.764705657959
24.705883026123
24.8235301971436
26
24.1176471710205
20.8235301971436
19.8823528289795
19.470588684082
19.1764698028564
18.8823528289795
18.0588226318359
15.8823528289795
15.3529415130615
15.0588235855103
14.6470584869385
14.9411764144897
15.529411315918
16.705883026123
19.529411315918
18.764705657959
23.8823528289795
29.470588684082
21.5882358551025
17.4117641448975
19.1764698028564
48.1176452636719
59.8235282897949
25.5882358551025
16.4117641448975
18.235294342041
25.5882358551025
35.0588226318359
33.529411315918
25.3529415130615
31.4117641448975
64.7647094726562
86.7647094726562
89.529411315918
79.529411315918
95.6470565795898
98.7058792114258
88.529411315918
75.5882339477539
68.9411773681641
58.4117660522461
56.0588226318359
50.9411773681641
47.1176452636719
36.9411773681641
37.529411315918
40.8823547363281
46.1764717102051
43.1176452636719
41.470588684082
43.1176452636719
46.1176452636719
45.764705657959
42.6470603942871
47.1764717102051
58.529411315918
47.705883026123
28.529411315918
28.1764698028564
30.0588226318359
27
26.9411773681641
27.294116973877
24.235294342041
25.1764698028564
25.5882358551025
24.8235301971436
24
22.8235301971436
21.294116973877
19.764705657959
17.8235301971436
24.705883026123
23.8823528289795
23.6470584869385
30
30.1764698028564
29.764705657959
28.1764698028564
26.294116973877
24.235294342041
21
21.6470584869385
20.8823528289795
22.235294342041
24.6470584869385
22.4117641448975
24.4117641448975
19.1176471710205
15.7058820724487
18
30.1764698028564
30.5882358551025
35.470588684082
41.9411773681641
39.470588684082
29.8823528289795
25.0588226318359
28.1764698028564
22.8823528289795
31.4117641448975
64.6470565795898
71.9411773681641
50.0588226318359
30.764705657959
22.9411773681641
17.1764698028564
19.1764698028564
28.705883026123
35.3529396057129
53.764705657959
59.1176452636719
51.1176452636719
64.9411773681641
76.2941207885742
74.2941207885742
81.2941207885742
73.6470565795898
63.529411315918
66.2941207885742
77.4117660522461
67.8823547363281
52.3529396057129
52.1764717102051
60.764705657959
64.0588226318359
56.8235282897949
44.529411315918
41.235294342041
43.529411315918
43.3529396057129
48.294116973877
42.470588684082
48.529411315918
45.5882339477539
45.4117660522461
35.9411773681641
28.1764698028564
27.9411773681641
25.705883026123
25.1764698028564
24.294116973877
25.529411315918
24.4117641448975
20.8235301971436
21.8823528289795
23.1176471710205
22.294116973877
22.470588684082
19.6470584869385
18.529411315918
18.0588226318359
25.470588684082
25.235294342041
23.4117641448975
24.3529415130615
26
28.1176471710205
32.294116973877
25.8235301971436
24.705883026123
24.529411315918
22.4117641448975
19.764705657959
21
18.8235301971436
23.4117641448975
31.6470584869385
19.1176471710205
22.235294342041
24.470588684082
37.9411773681641
51.4117660522461
46.9411773681641
49.3529396057129
49.5882339477539
45.4117660522461
34
33.9411773681641
28.5882358551025
56.529411315918
85.1764678955078
73
55.294116973877
51.9411773681641
49.8235282897949
48.6470603942871
63.764705657959
53
33.294116973877
30.235294342041
25.705883026123
36
44.1764717102051
74
96.7647094726562
84.470588684082
77.7647094726562
76.7058792114258
88.1176452636719
73.2352905273438
66.0588226318359
56.705883026123
56.235294342041
62
53.705883026123
51.4117660522461
45.764705657959
38.0588226318359
37.8235282897949
39.1176452636719
41.1764717102051
38
38.235294342041
41.5882339477539
47.5882339477539
43.6470603942871
35.9411773681641
29.9411773681641
23.294116973877
20.9411773681641
29.294116973877
25.5882358551025
23.529411315918
19.529411315918
23.3529415130615
20.5882358551025
19.764705657959
18.6470584869385
18.0588226318359
16.8235301971436
16.470588684082
28.470588684082
29.294116973877
26.1176471710205
26.0588226318359
27.529411315918
26.294116973877
28.705883026123
35.4117660522461
30.764705657959
23.8823528289795
23.9411773681641
24.1764698028564
23.9411773681641
22.3529415130615
21.294116973877
20.294116973877
21.705883026123
37.764705657959
110.941177368164
120.764709472656
76.1764678955078
69.3529434204102
59.1176452636719
87.5882339477539
72.5882339477539
67.6470565795898
60.3529396057129
73.9411773681641
70.4117660522461
69.8235321044922
67.3529434204102
60.470588684082
52.9411773681641
52.3529396057129
43.705883026123
47.1176452636719
42
29.0588226318359
30.235294342041
31.294116973877
81.470588684082
96.7647094726562
84.5882339477539
77.8235321044922
81.7647094726562
66.1764678955078
72.470588684082
89.5882339477539
71.8235321044922
54.529411315918
39.6470603942871
46.8823547363281
57.4117660522461
47.705883026123
55.6470603942871
50.0588226318359
52
40.1176452636719
32.6470603942871
35.1176452636719
30.8823528289795
34.294116973877
40.529411315918
34.1764717102051
29.294116973877
29.294116973877
23.235294342041
19.8823528289795
23.4117641448975
28.9411773681641
24.5882358551025
22
20.6470584869385
25.1176471710205
18.764705657959
18.1176471710205
17
17.1176471710205
16.9411773681641
14.7058820724487
32.6470603942871
31.235294342041
30.5882358551025
27.1764698028564
27.705883026123
29.8235301971436
27.3529415130615
27.4117641448975
25.764705657959
30.4117641448975
24.3529415130615
23.1176471710205
21.9411773681641
21.705883026123
22.8823528289795
22.470588684082
22.9411773681641
24.235294342041
40.0588226318359
118
101.941177368164
72.5882339477539
70
101.35294342041
88.7647094726562
75.7647094726562
62.9411773681641
50.705883026123
45.235294342041
55.705883026123
55.1176452636719
59.470588684082
60.705883026123
62.4117660522461
54.529411315918
49.8235282897949
55.470588684082
54.8235282897949
62
69.7647094726562
68.2352905273438
65.7058792114258
61.8823547363281
67.3529434204102
64.2941207885742
79.8235321044922
79.1764678955078
68.9411773681641
48.294116973877
38
28.529411315918
52.764705657959
51.4117660522461
48.8823547363281
50.3529396057129
45.705883026123
46.294116973877
43.764705657959
41
36.9411773681641
32.5882339477539
40.9411773681641
33.294116973877
31.0588226318359
26.9411773681641
26.235294342041
18.705883026123
24.1176471710205
35.8235282897949
27.0588226318359
19.294116973877
17.8235301971436
19.764705657959
20.705883026123
19.0588226318359
18.235294342041
16.764705657959
17.0588226318359
15.9411764144897
14.6470584869385
34.5882339477539
34.8235282897949
33.470588684082
36.0588226318359
36.0588226318359
32.235294342041
29.9411773681641
32.235294342041
30.235294342041
25.4117641448975
24.470588684082
25.1764698028564
33.8235282897949
26.529411315918
24.235294342041
28.4117641448975
30.294116973877
28.1176471710205
26.8235301971436
38.6470603942871
61.235294342041
80.2352905273438
63.1176452636719
74.2941207885742
84.1176452636719
88.7058792114258
66.6470565795898
72.9411773681641
99.470588684082
81.6470565795898
50.529411315918
41.235294342041
52.294116973877
48.5882339477539
43.6470603942871
59.4117660522461
66.5882339477539
68.7058792114258
67.4117660522461
63.8823547363281
57.470588684082
55.6470603942871
58.6470603942871
54.8823547363281
57.0588226318359
67
58.8235282897949
49.470588684082
41.705883026123
29.8235301971436
48.8235282897949
54.1176452636719
47.6470603942871
48.1764717102051
48.294116973877
46.8823547363281
44.529411315918
35.8823547363281
33.705883026123
41.1176452636719
41.0588226318359
35.3529396057129
36.764705657959
31.8235301971436
26.3529415130615
21
16.235294342041
31.3529415130615
30.1176471710205
19.8823528289795
18.529411315918
18.705883026123
14.470588684082
20
18.4117641448975
17.470588684082
17
15.470588684082
14.235294342041
14.0588235855103
42.4117660522461
39.294116973877
42.0588226318359
40.1764717102051
38.6470603942871
34.705883026123
37.1764717102051
36.470588684082
33.235294342041
28.470588684082
26.235294342041
25.4117641448975
26.470588684082
24.9411773681641
32.294116973877
46.6470603942871
41.294116973877
37.1176452636719
37.6470603942871
40
57.5882339477539
81
119.764709472656
85.8235321044922
79.8235321044922
82.6470565795898
87.8235321044922
114.35294342041
116.705879211426
80.1176452636719
56.470588684082
59.6470603942871
65.529411315918
81.2352905273438
80.2352905273438
66.2941207885742
68.2941207885742
70.3529434204102
77.0588226318359
69.0588226318359
64.2941207885742
64.2941207885742
55.235294342041
46.5882339477539
45.8235282897949
48.1176452636719
46.8235282897949
42.705883026123
43.294116973877
56.5882339477539
62
61.3529396057129
67.8235321044922
63.4117660522461
53.6470603942871
53.9411773681641
44.8823547363281
35.529411315918
35.470588684082
34.0588226318359
34.1176452636719
36
34.0588226318359
31.4117641448975
23.235294342041
15.2941179275513
21
31.4117641448975
23.6470584869385
18.1764698028564
16.764705657959
16.1764698028564
15.3529415130615
15.6470584869385
17.235294342041
16.8235301971436
14.9411764144897
13.9411764144897
14.7058820724487
14.3529415130615
40.764705657959
41.6470603942871
38.8823547363281
40.470588684082
35.705883026123
36.9411773681641
34.8823547363281
30.3529415130615
28.5882358551025
24.529411315918
21.529411315918
24.235294342041
26.1176471710205
38.0588226318359
31
37.294116973877
38.9411773681641
41.8823547363281
45.6470603942871
55
68.7647094726562
87.2941207885742
84.7058792114258
100.058822631836
115.470588684082
120.176467895508
135.823532104492
124.882354736328
120.470588684082
114.588233947754
88.6470565795898
65.0588226318359
63
104.176467895508
93.1764678955078
88.2941207885742
93.4117660522461
86.1764678955078
91.6470565795898
80.9411773681641
85.1764678955078
69.4117660522461
50.5882339477539
48.3529396057129
49.705883026123
55.8823547363281
54.9411773681641
58.6470603942871
51.9411773681641
58.0588226318359
68.1764678955078
69.2941207885742
84.0588226318359
65.9411773681641
61.3529396057129
50.0588226318359
37.5882339477539
33.6470603942871
26
30.3529415130615
41.6470603942871
38.6470603942871
37.1764717102051
27.6470584869385
18.8235301971436
20.0588226318359
32
26.8823528289795
23.3529415130615
19.0588226318359
17.470588684082
15.7058820724487
16.1764698028564
16.1764698028564
15.6470584869385
15.2941179275513
15
14.1176471710205
13.470588684082
13.9411764144897
43.6470603942871
39.5882339477539
44
39.0588226318359
38.8823547363281
34.1176452636719
32.5882339477539
28.8823528289795
23.529411315918
25.470588684082
37.5882339477539
55.470588684082
40.235294342041
33.705883026123
25.1176471710205
25.705883026123
26.764705657959
32.6470603942871
33.529411315918
40.8235282897949
47.3529396057129
68.3529434204102
80.470588684082
82.8235321044922
84.4117660522461
164.176467895508
141.588241577148
144
142.764709472656
129.823532104492
107.529411315918
98.2352905273438
81.470588684082
83.529411315918
79.5882339477539
79.7647094726562
91.5882339477539
88.2941207885742
102.411766052246
100.058822631836
78.1764678955078
68.2941207885742
65.5882339477539
69.4117660522461
68.3529434204102
62.1764717102051
44.9411773681641
39.1176452636719
60.5882339477539
72.3529434204102
83.6470565795898
84.6470565795898
76.1764678955078
60.8823547363281
49.764705657959
40.1764717102051
32.764705657959
21.764705657959
44.235294342041
45.4117660522461
40
44.8235282897949
32.8823547363281
22.294116973877
21.1176471710205
34.764705657959
27.764705657959
21.764705657959
21.235294342041
20.705883026123
17.764705657959
14.1176471710205
10.529411315918
14.3529415130615
16.0588226318359
15.470588684082
15.235294342041
13.8823528289795
14.3529415130615
13.470588684082
44.294116973877
43.294116973877
36.529411315918
31.764705657959
28.470588684082
23.529411315918
21.9411773681641
22.294116973877
22
21.9411773681641
25.8235301971436
22.235294342041
23.705883026123
23.4117641448975
31.5882358551025
52.705883026123
41
37.1764717102051
75.6470565795898
43.4117660522461
91.7647094726562
111.470588684082
123.411766052246
105.411766052246
105.882354736328
82
76.5882339477539
155.352935791016
148.352935791016
119.64705657959
113.235290527344
120
111.823532104492
111.294120788574
100.176467895508
99.2941207885742
103.176467895508
106.705879211426
91.7647094726562
71.6470565795898
77.5882339477539
75.2941207885742
74.3529434204102
63.705883026123
53.294116973877
46.294116973877
48.5882339477539
70.1176452636719
78.2352905273438
76.4117660522461
85.1764678955078
73.5882339477539
65.0588226318359
56.8823547363281
43.6470603942871
33.3529396057129
30.1764698028564
30.1176471710205
35.705883026123
41.1764717102051
43.0588226318359
44.529411315918
35.235294342041
32.235294342041
34.529411315918
29.0588226318359
25.1764698028564
19.705883026123
17.0588226318359
16.6470584869385
15.0588235855103
12.3529415130615
9.35294151306152
18.1176471710205
16.8235301971436
15
15.7058820724487
15.1764707565308
13.5882349014282
13.8235292434692
41.5882339477539
29.4117641448975
24.294116973877
21.3529415130615
22.529411315918
27.0588226318359
28.8235301971436
23.9411773681641
28.0588226318359
37.8823547363281
30.529411315918
50.294116973877
67.7647094726562
66.3529434204102
74.2941207885742
71.470588684082
61.470588684082
54.8235282897949
94.6470565795898
71.529411315918
85.0588226318359
106.882354736328
121.705879211426
96.5882339477539
99.529411315918
94.470588684082
105
139.823532104492
155.764709472656
153.764709472656
172.176467895508
169.882354736328
142.411758422852
143.647064208984
145.29411315918
131.117645263672
116.941177368164
107.35294342041
93.8823547363281
80.6470565795898
75.5882339477539
53.470588684082
56.6470603942871
55.529411315918
50.6470603942871
55.8235282897949
50.1764717102051
66.1176452636719
70.8235321044922
72.1176452636719
71.2941207885742
68.7058792114258
59.6470603942871
43.8235282897949
32.3529396057129
30.5882358551025
25.0588226318359
20.8823528289795
29.8235301971436
46.294116973877
45.294116973877
41.3529396057129
35.4117660522461
30.8823528289795
25.235294342041
23
19.764705657959
16.8235301971436
17.9411773681641
14.4117650985718
10.9411764144897
14.6470584869385
14.0588235855103
14.7058820724487
16.3529415130615
14.764705657959
14
13.9411764144897
13.0588235855103
13.1176471710205
37.294116973877
29.294116973877
31.6470584869385
30.470588684082
32.3529396057129
33.8235282897949
35.235294342041
40.3529396057129
78.529411315918
69.1764678955078
64
66.470588684082
93.9411773681641
88.4117660522461
87.4117660522461
101.235290527344
87.8235321044922
81.2352905273438
92.5882339477539
96.0588226318359
116.117645263672
138.058822631836
147.823532104492
126.411766052246
109.35294342041
104.882354736328
124.35294342041
100.058822631836
131
138.823532104492
155.29411315918
167.941177368164
164.882354736328
154.882354736328
152.470581054688
131.176467895508
110.705879211426
111.529411315918
84.0588226318359
76.8823547363281
74.7647094726562
61.8235282897949
71.1764678955078
74.6470565795898
61.529411315918
63.8235282897949
64.2941207885742
58.1764717102051
68.2941207885742
67.1176452636719
70.7058792114258
55.5882339477539
46.470588684082
33.8235282897949
30.529411315918
29.9411773681641
22.294116973877
18.764705657959
38.1764717102051
27.0588226318359
30.3529415130615
28.764705657959
26.0588226318359
22.764705657959
22.8823528289795
23.294116973877
20.529411315918
19.8823528289795
16.764705657959
14.8235292434692
12.1176471710205
16.1764698028564
14.4117650985718
14.0588235855103
15
13.8235292434692
13.5882349014282
13.3529415130615
12.1176471710205
12.1764707565308
52.6470603942871
40.470588684082
36.705883026123
34.1764717102051
28.4117641448975
68.2352905273438
67.6470565795898
76.529411315918
74.5882339477539
92.3529434204102
98.6470565795898
133.764709472656
132
127.882354736328
145.941177368164
156.117645263672
153.588241577148
145.29411315918
150
154.352935791016
189.764709472656
161.70588684082
148.882354736328
138.70588684082
116.176467895508
94.8823547363281
83.9411773681641
94.2941207885742
100
122
108
111.823532104492
111.764709472656
124.117645263672
120.64705657959
128.70588684082
121.117645263672
97.3529434204102
91.8823547363281
92.3529434204102
84.6470565795898
65.2352905273438
62.705883026123
70
68
80.9411773681641
82.1764678955078
76.0588226318359
68.7058792114258
63.4117660522461
59.0588226318359
48.9411773681641
38.529411315918
35.8235282897949
31.470588684082
26.764705657959
24.470588684082
35.470588684082
20.5882358551025
20.764705657959
21.235294342041
24.0588226318359
23.6470584869385
21.294116973877
20.529411315918
20.6470584869385
18.3529415130615
19.0588226318359
16.764705657959
13.7058820724487
9.82352924346924
17.0588226318359
15.1176471710205
14.1176471710205
13.8823528289795
13.4117650985718
12.6470584869385
12.529411315918
12.4117650985718
11.8823528289795
30.1176471710205
31.1176471710205
27.235294342041
30.1764698028564
49.764705657959
64
65.7058792114258
95.5882339477539
130.764709472656
132.411758422852
142.764709472656
181.235290527344
186.411758422852
175.70588684082
205.941177368164
199.588241577148
158.176467895508
172.823532104492
173.411758422852
134.941177368164
117.941177368164
120.882354736328
99.2352905273438
99.1764678955078
76.2352905273438
64.7058792114258
69.5882339477539
57.235294342041
52.764705657959
54.1176452636719
64.2352905273438
86.8235321044922
110
122.294120788574
106.411766052246
93.6470565795898
93.1176452636719
98
89.4117660522461
89.9411773681641
71.9411773681641
54.235294342041
71.2352905273438
66.7058792114258
81.3529434204102
86.4117660522461
88.1764678955078
82.3529434204102
69.470588684082
58.5882339477539
48.6470603942871
47.6470603942871
43.1176452636719
37.8235282897949
32.235294342041
28.9411773681641
25.705883026123
27.6470584869385
21.3529415130615
20.3529415130615
22.5882358551025
21.8823528289795
22.705883026123
21.1764698028564
18.529411315918
17.4117641448975
16.529411315918
15.1176471710205
15.1176471710205
12.8823528289795
9.41176509857178
15.8823528289795
17
14.1764707565308
13.9411764144897
12.529411315918
12.0588235855103
12.470588684082
11.470588684082
11.6470584869385
49.764705657959
34.6470603942871
41.3529396057129
48.8235282897949
64.2352905273438
38.529411315918
70.470588684082
101.176467895508
128.647064208984
150.235290527344
181.235290527344
191.29411315918
207.588241577148
182.941177368164
181.823532104492
174.529418945312
130.352935791016
107.529411315918
77.1176452636719
87.7647094726562
135.352935791016
158.411758422852
155.411758422852
173.764709472656
113.705879211426
61.8235282897949
91.7058792114258
98.1764678955078
87.470588684082
59.8235282897949
45.1764717102051
54.529411315918
87.8823547363281
85.529411315918
84.2352905273438
91.8823547363281
94.2941207885742
89.2941207885742
86.7058792114258
78.470588684082
70.7647094726562
60.3529396057129
71.0588226318359
73.7647094726562
80.7058792114258
87.529411315918
80.5882339477539
71.7058792114258
54.4117660522461
51.294116973877
46.8823547363281
45.4117660522461
44.5882339477539
35.705883026123
31
26.4117641448975
26.235294342041
23.705883026123
24.529411315918
19.5882358551025
18.705883026123
19.6470584869385
19.470588684082
20.1764698028564
18.1764698028564
17.0588226318359
17.4117641448975
15.4117650985718
14.1764707565308
10.4117650985718
8.82352924346924
18.8823528289795
15.5882349014282
13.470588684082
13.1176471710205
13.5882349014282
12.8235292434692
12.5882349014282
12.470588684082
11.529411315918
76.9411773681641
61.3529396057129
63.1176452636719
61.4117660522461
63.529411315918
55.5882339477539
69.8235321044922
76.5882339477539
104.117645263672
141.176467895508
164
175.058822631836
206.5625
161.529418945312
130.764709472656
84
67.1764678955078
72
92.0588226318359
96.7058792114258
83.6470565795898
71.3529434204102
112.176467895508
152.411758422852
137.470581054688
133.352935791016
94.0588226318359
60.5882339477539
86.4117660522461
67.6470565795898
62.294116973877
39.470588684082
37.4117660522461
43.3529396057129
67.1764678955078
83
69.2352905273438
70.2352905273438
79.2941207885742
80.1176452636719
73.2352905273438
73
72.4117660522461
75.8235321044922
80
73.4117660522461
75.529411315918
69.1764678955078
61
48.0588226318359
45.764705657959
43.0588226318359
37.470588684082
35.3529396057129
33.235294342041
33.470588684082
30.294116973877
27.1176471710205
28.705883026123
23.1176471710205
22.4117641448975
20.1176471710205
18.3529415130615
20.294116973877
17.0588226318359
17.470588684082
16.470588684082
15.6470584869385
15.0588235855103
8.58823490142822
22.1176471710205
17.8823528289795
17.1176471710205
14.9411764144897
13.470588684082
12.2941179275513
11.8823528289795
12.235294342041
11.2941179275513
11.470588684082
71.470588684082
61.8823547363281
51.0588226318359
23.294116973877
23.0588226318359
56.4117660522461
56.1764717102051
78.7058792114258
60.1176452636719
82.3529434204102
93.2352905273438
97.470588684082
87.6470565795898
67.7647094726562
74.470588684082
76.529411315918
76.470588684082
64.6470565795898
60.5882339477539
55.1764717102051
43.529411315918
43.9411773681641
58.1764717102051
66.5882339477539
73.7058792114258
80.2941207885742
79.7647094726562
54.6470603942871
39.9411773681641
98.7058792114258
79.470588684082
65.3529434204102
45.3529396057129
53.8235282897949
64.8823547363281
58.1764717102051
72.7058792114258
74.0588226318359
78.7647094726562
74.1176452636719
72.2352905273438
67.2352905273438
67.9411773681641
72.9411773681641
77.4117660522461
79.9411773681641
79.9411773681641
60.9411773681641
52.529411315918
53.5882339477539
55.4117660522461
51.9411773681641
40.6470603942871
31.0588226318359
27.4117641448975
25.3529415130615
26.235294342041
25.235294342041
33.235294342041
30.470588684082
21.8823528289795
21.0588226318359
19.764705657959
19.235294342041
19.1764698028564
16.470588684082
10.0588235855103
7.82352924346924
16.0588226318359
27.1176471710205
20.4117641448975
18.3529415130615
16.5882358551025
15.235294342041
12.9411764144897
13.8235292434692
12.6470584869385
12.2941179275513
11.4117650985718
11.0588235855103
66.3529434204102
28.1176471710205
33.6470603942871
30.9411773681641
28.0588226318359
27.235294342041
25.294116973877
70.0588226318359
103.35294342041
87.470588684082
62.5882339477539
53.1764717102051
62.1764717102051
82.8823547363281
92
71.1764678955078
83.2941207885742
71.3529434204102
57.4117660522461
55.4117660522461
64.0588226318359
57.5882339477539
63.5882339477539
75.6470565795898
52.3529396057129
54.8235282897949
57.4117660522461
54.4117660522461
61.8823547363281
49.235294342041
56.764705657959
60.3529396057129
49.529411315918
43.6470603942871
49.0588226318359
48.6470603942871
51
71.1764678955078
72.8235321044922
74.4117660522461
69.8235321044922
66.2941207885742
65.7647094726562
75.9411773681641
77
71.1176452636719
66.8823547363281
63.764705657959
59.4117660522461
56.235294342041
47.3529396057129
41.470588684082
32.8235282897949
31
28
25.1176471710205
23.294116973877
23.1176471710205
42
31.3529415130615
19.0588226318359
18.0588226318359
16.9411773681641
10.8823528289795
10.8235292434692
11.1764707565308
13
12.4117650985718
23.8823528289795
22.1764698028564
18.470588684082
13.470588684082
11.7058820724487
11
11.0588235855103
12.5882349014282
11.1764707565308
11.7058820724487
10.1176471710205
10.529411315918
40.1176452636719
47.1176452636719
42.6470603942871
37
30.529411315918
30.294116973877
37.4117660522461
54.6470603942871
60.8823547363281
100.882354736328
90.2941207885742
78.5882339477539
70.0588226318359
80.1764678955078
80.2352905273438
75.0588226318359
67.2941207885742
66.1176452636719
70.7647094726562
54.1176452636719
61.0588226318359
58.235294342041
62.1176452636719
60.5882339477539
60.705883026123
46.235294342041
41.0588226318359
41.8235282897949
38.1176452636719
38
35
43.470588684082
47.8823547363281
47.3529396057129
39.294116973877
39.3529396057129
38.4117660522461
49.470588684082
61.1764717102051
54.294116973877
55.1176452636719
62.1176452636719
68
64.470588684082
67.470588684082
64.3529434204102
63.470588684082
56.8235282897949
62.8235282897949
49.8235282897949
45.8823547363281
43.8235282897949
35.705883026123
29.764705657959
28.8823528289795
25.1176471710205
27.5882358551025
32.705883026123
27.764705657959
21.1764698028564
17.764705657959
15.529411315918
20.1764698028564
21.1176471710205
24.705883026123
17.764705657959
22.4117641448975
21
17.0588226318359
16.705883026123
12.1764707565308
10.3529415130615
9.41176509857178
10.3529415130615
10.4117650985718
11
11.529411315918
10.2941179275513
10.7058820724487
10.8823528289795
46.3529396057129
51.5882339477539
48.5882339477539
43.6470603942871
35.4117660522461
31.294116973877
42.235294342041
74.4117660522461
72.529411315918
71.2352905273438
89.8235321044922
90.2352905273438
101.764709472656
100.823532104492
99.8235321044922
84.470588684082
82.2941207885742
74.2352905273438
66.7058792114258
84.8823547363281
62.235294342041
55.764705657959
45.8235282897949
54.294116973877
42.0588226318359
39.235294342041
34.8235282897949
36.294116973877
33.1764717102051
41.1176452636719
37.8235282897949
30
41.5882339477539
41.294116973877
25.3529415130615
32.705883026123
23.294116973877
37.235294342041
45.6470603942871
52.294116973877
54.3529396057129
55.1176452636719
59.1176452636719
62.1176452636719
60.8823547363281
61.5882339477539
54.8235282897949
52.3529396057129
52.1176452636719
43.8235282897949
40.3529396057129
39.0588226318359
37.470588684082
30.705883026123
29.1764698028564
25.8823528289795
23
23.4117641448975
21.1764698028564
17.4117641448975
16.4117641448975
25.4117641448975
16.8823528289795
23.705883026123
20.470588684082
16.8823528289795
17.705883026123
13.5882349014282
11.5882349014282
10
10.1176471710205
10.1764707565308
10.5882349014282
10.8823528289795
11.9411764144897
11.470588684082
11.1176471710205
10.8235292434692
11
11.8823528289795
63.705883026123
67.6470565795898
61.1764717102051
56.470588684082
50.235294342041
44.764705657959
30.5882358551025
46.1764717102051
57.3529396057129
89.2352905273438
117.470588684082
137.647064208984
111.823532104492
110.64705657959
106.235290527344
87.1176452636719
91.1764678955078
68.4117660522461
81.1176452636719
97.529411315918
89.2941207885742
61.8235282897949
54.1764717102051
48.1176452636719
42.3529396057129
40.8235282897949
36.8823547363281
21.764705657959
25.0588226318359
40.3529396057129
34.1764717102051
28.8235301971436
29.470588684082
28.3529415130615
14.235294342041
20.764705657959
24.4117641448975
24.9411773681641
29.5882358551025
44.9411773681641
50
53.5882339477539
59
62.6470603942871
56.3529396057129
57.470588684082
57.5882339477539
51.705883026123
43.4117660522461
40.529411315918
38.4117660522461
41
34.8235282897949
30.5882358551025
28.9411773681641
24.470588684082
21.1764698028564
17.1764698028564
18.0588226318359
17.1176471710205
16.705883026123
25.470588684082
19.705883026123
15.470588684082
13.3529415130615
11.4117650985718
11.1176471710205
10.8823528289795
10.8823528289795
10
9.82352924346924
11.1764707565308
12
11.2941179275513
11
12.1176471710205
11.2941179275513
11.4117650985718
11.1764707565308
11.7058820724487
77.2941207885742
79.1176452636719
70.529411315918
65.1176452636719
56.4117660522461
50.470588684082
48.235294342041
37.5882339477539
49.764705657959
83.7058792114258
98.8823547363281
86.8823547363281
131.058822631836
118.235290527344
115.941177368164
115.470588684082
103.705879211426
99.7058792114258
98.8823547363281
90.470588684082
83.7058792114258
61.0588226318359
54.705883026123
40.705883026123
28.8823528289795
29.3529415130615
44.764705657959
38.9411773681641
24.9411773681641
44.8823547363281
37.5882339477539
30.470588684082
30.3529415130615
15.6470584869385
19.8823528289795
30.5882358551025
29.529411315918
22.3529415130615
16.9411773681641
23
25.1176471710205
46.294116973877
55.8823547363281
52.705883026123
49.470588684082
48.1764717102051
44.3529396057129
43.764705657959
39.8823547363281
39.1176452636719
37.529411315918
39.705883026123
33.3529396057129
29.5882358551025
23.3529415130615
21.8823528289795
18.5882358551025
17.470588684082
14.529411315918
15.0588235855103
17.4117641448975
23.764705657959
14
11.5882349014282
11.529411315918
11.764705657959
11.6470584869385
11.6470584869385
11
11.6470584869385
10.7058820724487
12.5882349014282
11.6470584869385
10.8235292434692
11.8235292434692
11.529411315918
10.8823528289795
10.1764707565308
11.1764707565308
11.1176471710205
81.9411773681641
80.8823547363281
75.5882339477539
68.5882339477539
62.8235282897949
60
54.529411315918
52.5882339477539
37.9411773681641
30.9411773681641
57.705883026123
71.529411315918
59.470588684082
66.8235321044922
103.411766052246
154.764709472656
124.882354736328
109.588233947754
98.2352905273438
73.4117660522461
77.470588684082
52.3529396057129
43.5882339477539
21.4117641448975
19
31.3529415130615
54.1764717102051
35.6470603942871
44.6470603942871
40.6470603942871
43.0588226318359
30.764705657959
15.235294342041
12.7058820724487
34.5882339477539
29.764705657959
24.0588226318359
16.6470584869385
15.4117650985718
19.235294342041
25
42.764705657959
43.9411773681641
44.8823547363281
46.8823547363281
39.3529396057129
39.6470603942871
35.235294342041
33.6470603942871
29.529411315918
29.705883026123
31.235294342041
32.235294342041
26.764705657959
24.764705657959
20.8235301971436
19.1764698028564
15.8235292434692
13
12.764705657959
12.6470584869385
11.6470584869385
11.764705657959
12.0588235855103
13.764705657959
12
11.8235292434692
12.0588235855103
12.2941179275513
12.1176471710205
13.1764707565308
12.8823528289795
11.5882349014282
11.8823528289795
10.8823528289795
11.4117650985718
10.764705657959
12.1764707565308
11.6470584869385
11.8235292434692
89.529411315918
93.7058792114258
88.2352905273438
87.5882339477539
78.2352905273438
71.0588226318359
66.470588684082
61.470588684082
62.4117660522461
48.6470603942871
37.8235282897949
36.705883026123
47.529411315918
86
96.7647094726562
87.1176452636719
111.882354736328
105.35294342041
110.64705657959
93.8235321044922
82.4117660522461
74.470588684082
47.294116973877
22.235294342041
15.764705657959
14.529411315918
32.294116973877
31.1764698028564
40.6470603942871
40.3529396057129
50.235294342041
44
6.47058820724487
8.94117641448975
22.9411773681641
18.8823528289795
14.0588235855103
12.6470584869385
16.4117641448975
18.8235301971436
28.0588226318359
33.9411773681641
37.529411315918
37.8823547363281
35.6470603942871
36.705883026123
35.5882339477539
31.235294342041
31.1176471710205
33.764705657959
26.235294342041
26.764705657959
31.764705657959
26.6470584869385
20.4117641448975
18.705883026123
17.294116973877
13.235294342041
12
10.9411764144897
11.470588684082
11.1764707565308
11.8823528289795
12.470588684082
11.8823528289795
13.4117650985718
14.4117650985718
14.0588235855103
13.8823528289795
12.9411764144897
11.9411764144897
11.5882349014282
13.6470584869385
11.5882349014282
11.7058820724487
11.4117650985718
12.0588235855103
12.0588235855103
12.2941179275513
11.1176471710205
112.294120788574
100.764709472656
109.35294342041
104.764709472656
84.2941207885742
77.2941207885742
70.529411315918
71.5882339477539
69.1176452636719
67.2352905273438
64.8823547363281
51.294116973877
39.5882339477539
22.1176471710205
32.1764717102051
62
100.529411315918
106.705879211426
148.70588684082
114.529411315918
119.764709472656
87.3529434204102
63.1176452636719
8.88235282897949
17
15.0588235855103
14.470588684082
25.0588226318359
23.705883026123
46.235294342041
36.1764717102051
14.2941179275513
8.52941131591797
5.76470565795898
10
9
9.70588207244873
13.3529415130615
19.1176471710205
26.235294342041
28.6470584869385
28.1764698028564
30.764705657959
35.1764717102051
33.9411773681641
37.1176452636719
35.470588684082
33.1176452636719
31.9411773681641
25.8235301971436
25.8823528289795
26.764705657959
27.470588684082
21.8235301971436
19.9411773681641
17.705883026123
16.5882358551025
14.2941179275513
13.235294342041
13.529411315918
12.9411764144897
12
13.4117650985718
14.3529415130615
13.5882349014282
14.6470584869385
14.764705657959
14.8823528289795
16.1764698028564
14.235294342041
14.6470584869385
14.529411315918
13
13.9411764144897
14.6470584869385
13.6470584869385
13.8235292434692
12.235294342041
12.6470584869385
12.7058820724487
145.058822631836
144.647064208984
125.823532104492
117.823532104492
97.0588226318359
81.3529434204102
79.5882339477539
69.1176452636719
72.5882339477539
75.2352905273438
69.1176452636719
69.8235321044922
62.294116973877
55.1176452636719
45.6470603942871
22.8823528289795
14.764705657959
11.3529415130615
16.4117641448975
21.1764698028564
14.6470584869385
13.1176471710205
11.235294342041
19.8235301971436
19.470588684082
23.470588684082
16
17.4117641448975
18.294116973877
30.1764698028564
26.0588226318359
14
19.1176471710205
12.529411315918
6.35294103622437
9.35294151306152
13.4117650985718
15.4117650985718
20.1764698028564
24.8823528289795
25.5882358551025
29.6470584869385
32.4117660522461
32.8823547363281
31
32.9411773681641
32.9411773681641
32.529411315918
33.294116973877
25.294116973877
26.6470584869385
28.235294342041
24.294116973877
19.0588226318359
19.0588226318359
17.3529415130615
13.7058820724487
12.8235292434692
14.5882349014282
13.8823528289795
14.3529415130615
14.235294342041
14
15.8235292434692
14.764705657959
15.0588235855103
14
17.1176471710205
14.470588684082
15.6470584869385
17.294116973877
17.3529415130615
17.235294342041
17.705883026123
14.5882349014282
14.2941179275513
14.1176471710205
14.2941179275513
13.5882349014282
14.1764707565308
162.470581054688
141.176467895508
121.529411315918
120.411766052246
100.058822631836
96.0588226318359
86.4117660522461
80.1764678955078
77.2352905273438
81.2941207885742
74.470588684082
70.3529434204102
71.8235321044922
72.7058792114258
74.1764678955078
70.8235321044922
61.764705657959
34.294116973877
30.9411773681641
26.294116973877
27.1176471710205
27.6470584869385
29.8235301971436
23.529411315918
19.8823528289795
12.8823528289795
27.705883026123
23.4117641448975
23.529411315918
31.6470584869385
26.529411315918
28.1764698028564
24.8235301971436
27.470588684082
14.1176471710205
12.529411315918
15.1764707565308
17.4117641448975
23.1764698028564
24.0588226318359
26.4117641448975
26.6470584869385
30.294116973877
29.235294342041
28.0588226318359
33.1176452636719
31
29.705883026123
27.4117641448975
21.6470584869385
26.4117641448975
22.764705657959
20.9411773681641
18.4117641448975
17.5882358551025
15.1176471710205
12.764705657959
13.1176471710205
15.235294342041
13.9411764144897
14.6470584869385
16.235294342041
14.8235292434692
14.6470584869385
15.4117650985718
15.8823528289795
15.2941179275513
15
16.294116973877
16.764705657959
16.294116973877
16.764705657959
18.1176471710205
16.529411315918
17.705883026123
15.470588684082
16.5882358551025
16.1764698028564
14.6470584869385
15.1764707565308
144.117645263672
142.823532104492
144.058822631836
115.823532104492
106.411766052246
106.470588684082
96.1764678955078
86.5882339477539
74.6470565795898
70.470588684082
70.470588684082
68.7647094726562
67.7647094726562
70.8235321044922
74.8823547363281
72.1764678955078
74.6470565795898
70.7058792114258
66.1764678955078
63.8235282897949
49.8235282897949
33.705883026123
18.470588684082
27.705883026123
23.705883026123
20.1176471710205
23.294116973877
31.9411773681641
27.764705657959
31.6470584869385
34.3529396057129
27.764705657959
24.235294342041
22.6470584869385
14.6470584869385
18.0588226318359
22
25.1764698028564
24.705883026123
28.4117641448975
29.294116973877
28.1764698028564
27.294116973877
32.3529396057129
34.0588226318359
34.705883026123
31.5882358551025
30
30.8823528289795
24.8235301971436
24.0588226318359
21.6470584869385
18.294116973877
15.1764707565308
13.1176471710205
13.1764707565308
13.1764707565308
13.470588684082
14.6470584869385
15.4117650985718
14.8235292434692
16.9411773681641
15.9411764144897
16.1176471710205
16.529411315918
17.705883026123
16.1176471710205
16.8235301971436
17.294116973877
16.764705657959
19.9411773681641
18.3529415130615
16.8235301971436
16.705883026123
16.5882358551025
15.764705657959
16.294116973877
16.8235301971436
15
15.0588235855103
NA
NA
138
118.764709472656
110.235290527344
111.705879211426
103.058822631836
88.1176452636719
89.8823547363281
73
70.6470565795898
68.470588684082
68.1176452636719
70.0588226318359
62.8235282897949
60.235294342041
65.2941207885742
68.8823547363281
67.2352905273438
63.6470603942871
54.8823547363281
51.6470603942871
43.764705657959
40.294116973877
33.764705657959
45.764705657959
31.235294342041
34.0588226318359
27.4117641448975
29.764705657959
26.4117641448975
23.3529415130615
33.9411773681641
29.1176471710205
17.9411773681641
24.0588226318359
26.0588226318359
27.4117641448975
27.6470584869385
30.4117641448975
35.3529396057129
34.8235282897949
36.470588684082
33.1764717102051
34.235294342041
40.1764717102051
36.764705657959
32.9411773681641
51.3529396057129
34.8235282897949
31.470588684082
10.6470584869385
18.529411315918
13.3529415130615
12.6470584869385
13.2941179275513
13.8235292434692
14.470588684082
15.1176471710205
14.9411764144897
16
16.5882358551025
17.3529415130615
15.8823528289795
17.529411315918
17.8823528289795
17.529411315918
16.470588684082
16.4117641448975
15.8823528289795
15
16.764705657959
16.6470584869385
17.0588226318359
14.9411764144897
16.1176471710205
14.4117650985718
14.1764707565308
14.6470584869385
14.1176471710205
NA
NA
159.176467895508
135.117645263672
114.058822631836
104.64705657959
99.1176452636719
89.1764678955078
77.9411773681641
76.9411773681641
66.6470565795898
64.9411773681641
62.529411315918
61.8235282897949
56.4117660522461
54
57.8235282897949
61.235294342041
57.529411315918
58.235294342041
59.529411315918
47.235294342041
43
47.8823547363281
58.6470603942871
52.294116973877
50.3529396057129
39.470588684082
30.8235301971436
30.3529415130615
27.6470584869385
21.1176471710205
31.529411315918
38.9411773681641
25.5882358551025
23.529411315918
28.529411315918
30.5882358551025
29.8823528289795
35.1176452636719
34.529411315918
33.529411315918
34.529411315918
37
39.235294342041
39.705883026123
36.705883026123
49.470588684082
32.764705657959
36.8235282897949
27.9411773681641
14.6470584869385
15
12.4117650985718
12.470588684082
14.1176471710205
14.3529415130615
15.3529415130615
15.0588235855103
17.235294342041
17.5882358551025
17.470588684082
18.3529415130615
17.8823528289795
17.1764698028564
16.4117641448975
15.7058820724487
15.235294342041
16.4117641448975
16.8235301971436
17.8823528289795
16.705883026123
16.8235301971436
16.1764698028564
15.9411764144897
15.7058820724487
15.235294342041
15.3529415130615
14.2941179275513
14.529411315918
NA
NA
NA
154
119.764709472656
99.529411315918
92.5882339477539
90.8235321044922
73.8235321044922
61.529411315918
67.1764678955078
62.764705657959
67.3529434204102
59.705883026123
59.5882339477539
59.9411773681641
55.0588226318359
57.1176452636719
57.4117660522461
60.705883026123
50.3529396057129
61.764705657959
57.1764717102051
56.3529396057129
60.6470603942871
68.1764678955078
57.6470603942871
51.705883026123
41.470588684082
36.0588226318359
30.1176471710205
31.9411773681641
28.5882358551025
25.0588226318359
20.1176471710205
30.705883026123
34.6470603942871
32.0588226318359
33.294116973877
35.1764717102051
35.3529396057129
33.8823547363281
35
35.6470603942871
43.0588226318359
42.6470603942871
42.5882339477539
33.1764717102051
26
28.6470584869385
15.5882349014282
21.8235301971436
12.529411315918
12.1764707565308
13
13.3529415130615
15.764705657959
17.470588684082
17.235294342041
16.0588226318359
17.764705657959
17.529411315918
17.470588684082
16.8235301971436
17.4117641448975
16.5882358551025
17.8235301971436
17.764705657959
19.764705657959
19.529411315918
17.4117641448975
17.5882358551025
17.3529415130615
17.8823528289795
16.6470584869385
15.8823528289795
15.9411764144897
16.4117641448975
15.8823528289795
14.764705657959
NA
NA
NA
138.058822631836
107.764709472656
88.6470565795898
87.3529434204102
76.7058792114258
71.2352905273438
78.529411315918
68.1176452636719
71.4117660522461
70.5882339477539
69.7647094726562
64.4117660522461
56.529411315918
57.235294342041
81.2941207885742
69.7058792114258
74.1764678955078
70.2352905273438
63.8235282897949
67.2941207885742
61.705883026123
77.8235321044922
76.1764678955078
69.2352905273438
60.9411773681641
51.1176452636719
52.705883026123
43.529411315918
48.6470603942871
51.1176452636719
48.0588226318359
24.8235301971436
32
37.5882339477539
35.529411315918
35
36.1764717102051
37.1764717102051
39.1764717102051
39.3529396057129
34.8823547363281
31.235294342041
30.3529415130615
24.470588684082
16.235294342041
13.1764707565308
14.235294342041
16.764705657959
11.5882349014282
11.764705657959
12.1176471710205
13.7058820724487
17.294116973877
17.8823528289795
20.8235301971436
15.6470584869385
15.8235292434692
16.4117641448975
18.5882358551025
17.8823528289795
16.8235301971436
17.8823528289795
18.529411315918
19.4117641448975
19.470588684082
20.9411773681641
18.0588226318359
18
19.0588226318359
19.235294342041
17.470588684082
16.9411773681641
15.8823528289795
16.705883026123
13.9411764144897
13.529411315918
16.1764698028564
NA
NA
NA
123.941177368164
90.7058792114258
88.8823547363281
84.470588684082
75.470588684082
76.0588226318359
77
73.3529434204102
75.1764678955078
72.6470565795898
71.2352905273438
62.1176452636719
64.6470565795898
57.4117660522461
73.8823547363281
80.7058792114258
83.470588684082
79.9411773681641
73.1176452636719
90.7058792114258
74.4117660522461
84.470588684082
78.9411773681641
64.7058792114258
71
71.529411315918
66.3529434204102
72.470588684082
62.235294342041
62.4117660522461
61.235294342041
28.5882358551025
29.9411773681641
35.5882339477539
37.8235282897949
35.529411315918
39.4117660522461
34.6470603942871
33.8823547363281
31.6470584869385
25.294116973877
20.294116973877
21.4117641448975
17.1764698028564
18.5882358551025
15.764705657959
15.235294342041
13.8823528289795
13.2941179275513
14
14.235294342041
16
16.1176471710205
16
16.470588684082
16.529411315918
17.764705657959
17.5882358551025
19.0588226318359
18.470588684082
18
17.8235301971436
18.529411315918
21
20.294116973877
18.9411773681641
18.5882358551025
19.705883026123
18.6470584869385
17.0588226318359
15.8823528289795
17.294116973877
17.0588226318359
15.235294342041
15.7058820724487
18
17.3529415130615
NA
NA
NA
NA
91.8823547363281
80.8235321044922
81
80.8235321044922
68
74.2352905273438
80.9411773681641
65.7058792114258
67.3529434204102
61.235294342041
57.9411773681641
97.8823547363281
99.529411315918
98.2941207885742
83.1176452636719
79.6470565795898
80.4117660522461
76.6470565795898
81.7647094726562
91.7647094726562
90.1176452636719
102.529411315918
88.470588684082
77.470588684082
74.9411773681641
71.2352905273438
70.7647094726562
56.0588226318359
43.470588684082
55.705883026123
26.235294342041
30.294116973877
25.9411773681641
34
34.6470603942871
26.529411315918
22.470588684082
26.9411773681641
22.294116973877
21.4117641448975
22.1764698028564
22.235294342041
22.9411773681641
23
22.4117641448975
20.764705657959
17.6470584869385
14.1764707565308
12.7058820724487
15.8823528289795
15.4117650985718
15.8235292434692
16.3529415130615
16.1764698028564
15.8235292434692
17.0588226318359
16.5882358551025
16.705883026123
19.0588226318359
17.8235301971436
17.8235301971436
20.1764698028564
17.9411773681641
17.1176471710205
18.1764698028564
18.5882358551025
15.7058820724487
16.235294342041
17.235294342041
15.1764707565308
15.764705657959
16.705883026123
15.764705657959
14.8235292434692
15.8235292434692
16.5882358551025
NA
NA
NA
NA
84.9411773681641
73
71.5882339477539
70.1764678955078
67.2941207885742
69.7647094726562
72.0588226318359
69.7647094726562
62.5882339477539
61.1764717102051
104.941177368164
103.588233947754
97.6470565795898
96.5882339477539
91.5882339477539
88.4117660522461
89.6470565795898
85.8823547363281
97.6470565795898
99.8823547363281
92.7647094726562
90.470588684082
90.1764678955078
77.7058792114258
78.9411773681641
78.2352905273438
77.2941207885742
81.4117660522461
79.4117660522461
78.0588226318359
79.7647094726562
17.3529415130615
32.470588684082
34.3529396057129
38.294116973877
41.529411315918
25.764705657959
23.8235301971436
25.0588226318359
24.1764698028564
27.3529415130615
28.235294342041
27.764705657959
29.0588226318359
30
32.5882339477539
43.0588226318359
11.529411315918
16.3529415130615
14.6470584869385
15.2941179275513
17.6470584869385
16.6470584869385
15.7058820724487
15.3529415130615
16.1176471710205
16.5882358551025
18
19.235294342041
17
17.235294342041
18.764705657959
17
16.9411773681641
15.4117650985718
14.8823528289795
14.7058820724487
14.6470584869385
15.529411315918
14.529411315918
13.3529415130615
13.529411315918
16.3529415130615
15.6470584869385
14.9411764144897
15.1764707565308
NA
NA
NA
NA
NA
77.8823547363281
76.6470565795898
77.470588684082
70.8235321044922
76.0588226318359
79.1176452636719
66.4117660522461
68.0588226318359
104.64705657959
97.2941207885742
98.6470565795898
95
93.2941207885742
91.8235321044922
96.7058792114258
94.8823547363281
101.35294342041
106.470588684082
112.529411315918
117.176467895508
93.2352905273438
81.8235321044922
88.3529434204102
87.2352905273438
92.8235321044922
84.5882339477539
80.6470565795898
92
86
94.1764678955078
98.8823547363281
22.3529415130615
32.705883026123
26.3529415130615
31.1176471710205
24.6470584869385
24
24.764705657959
27.6470584869385
30.470588684082
33.1764717102051
38.0588226318359
37.470588684082
47.764705657959
55.3529396057129
61.529411315918
10.4117650985718
24.4117641448975
18.1176471710205
17.470588684082
18.5882358551025
15.2941179275513
16.235294342041
16.4117641448975
15.9411764144897
15.3529415130615
16.235294342041
15.9411764144897
16.705883026123
15.1176471710205
16.470588684082
13.8235292434692
13.529411315918
12.7058820724487
13.4117650985718
12.8235292434692
13.470588684082
14.3529415130615
14.764705657959
14.764705657959
15.1176471710205
13.6470584869385
14.2941179275513
15.1176471710205
16.294116973877
NA
NA
NA
NA
NA
78.6470565795898
74.7647094726562
73.2941207885742
84.7058792114258
74.2352905273438
71.5882339477539
79.470588684082
95
97
84.1176452636719
97.2352905273438
95
90.1176452636719
97.470588684082
88.7058792114258
91.1176452636719
94.470588684082
99.5882339477539
111.470588684082
83.7647094726562
85.6470565795898
115
90.7058792114258
83.9411773681641
84.5882339477539
74.5882339477539
84.2352905273438
89.1764678955078
84.0588226318359
86.6470565795898
98.0588226318359
18.705883026123
14.4117650985718
26.1764698028564
28.470588684082
29.4117641448975
26
26.4117641448975
28.529411315918
30.1764698028564
35.0588226318359
38.235294342041
37.1176452636719
43.4117660522461
58.4117660522461
34.294116973877
11.0588235855103
18.470588684082
16.5882358551025
15.0588235855103
16.470588684082
16.1176471710205
15.7058820724487
14.764705657959
15.4117650985718
14.5882349014282
14.470588684082
14.764705657959
14.5882349014282
13.0588235855103
12.9411764144897
13.5882349014282
13.8235292434692
12.2941179275513
12.6470584869385
13.764705657959
14.1176471710205
13.529411315918
14.0588235855103
14.3529415130615
15.9411764144897
14.6470584869385
15.1176471710205
15.2941179275513
16.705883026123
NA
NA
NA
NA
NA
74.529411315918
76.7647094726562
74.6470565795898
84.2941207885742
62.235294342041
102.411766052246
90.2352905273438
95.5882339477539
94.6470565795898
89.2941207885742
76.8823547363281
76
77.1176452636719
79.470588684082
81.5882339477539
80.8235321044922
94.8823547363281
108.117645263672
113.35294342041
110.882354736328
112.941177368164
97.0588226318359
94.2941207885742
78.5882339477539
79.8235321044922
77.8823547363281
79.2941207885742
79.3529434204102
79.470588684082
93.529411315918
102.64705657959
90.2941207885742
18.294116973877
14.1176471710205
31.529411315918
33.6470603942871
27.9411773681641
24.8235301971436
25.1176471710205
26.470588684082
25.8823528289795
26.5882358551025
27.4117641448975
34.0588226318359
57.4117660522461
31.529411315918
20.470588684082
13.529411315918
13.470588684082
13.9411764144897
15
14.1176471710205
15
15.529411315918
16.5882358551025
15.0588235855103
14.4117650985718
15.3529415130615
13.764705657959
13.6470584869385
13.2941179275513
13
11.8823528289795
13.9411764144897
13.8823528289795
13.9411764144897
12.8823528289795
12.9411764144897
13.470588684082
14.8823528289795
17.0588226318359
16.5882358551025
16.764705657959
16.6470584869385
16.529411315918
