"x"
NA
NA
NA
NA
7.41176462173462
8.70588207244873
8.11764717102051
8.58823490142822
8.88235282897949
9
9.47058868408203
9.41176509857178
9.58823490142822
10.4117650985718
11.7058820724487
10.2941179275513
10.1176471710205
17.294116973877
16.705883026123
8.35294151306152
8.47058868408203
9.58823490142822
11.1176471710205
13.9411764144897
14.8235292434692
11.7058820724487
12.764705657959
12.8235292434692
11.1764707565308
9.23529434204102
8.70588207244873
7.76470565795898
8.35294151306152
8.88235282897949
8.64705848693848
8.05882358551025
7.41176462173462
8.58823490142822
8.70588207244873
9.58823490142822
8.64705848693848
9.29411792755127
8.76470565795898
8.94117641448975
10.470588684082
9.58823490142822
8.82352924346924
9.47058868408203
9.35294151306152
8.94117641448975
7.76470565795898
8.82352924346924
8.58823490142822
8.88235282897949
8.35294151306152
8.41176509857178
7.52941179275513
6.88235282897949
7.52941179275513
7.70588254928589
6.76470565795898
7.58823537826538
6.76470565795898
6.88235282897949
9.82352924346924
10.0588235855103
10.3529415130615
8.47058868408203
7.58823537826538
9.41176509857178
9.17647075653076
9.29411792755127
9.23529434204102
9.82352924346924
11
10.0588235855103
11.2941179275513
11.1764707565308
11.1764707565308
9.52941131591797
7.64705896377563
7.64705896377563
7.47058820724487
7.76470565795898
7.88235282897949
7.64705896377563
8.35294151306152
8.11764717102051
9.05882358551025
8.88235282897949
7.94117641448975
8.35294151306152
8.88235282897949
10
11.1176471710205
11.5882349014282
11.6470584869385
13.1176471710205
16.8235301971436
12.3529415130615
8.58823490142822
7.58823537826538
8.88235282897949
12.2941179275513
15.470588684082
16
13.764705657959
10.1764707565308
12.1764707565308
13.8823528289795
13.1764707565308
8.35294151306152
8.11764717102051
7.70588254928589
8.70588207244873
7.76470565795898
7.52941179275513
5.70588254928589
5.94117641448975
9.82352924346924
7.70588254928589
7.23529434204102
7.64705896377563
7.47058820724487
8.05882358551025
8.17647075653076
8.64705848693848
8.52941131591797
9.70588207244873
8.23529434204102
8.05882358551025
7.94117641448975
7.76470565795898
8
7.17647075653076
7.23529434204102
7.52941179275513
7.64705896377563
7.41176462173462
7.47058820724487
7.94117641448975
7.94117641448975
8.52941131591797
10.235294342041
9.05882358551025
9.76470565795898
8.52941131591797
9.29411792755127
8.35294151306152
7
7.88235282897949
7.94117641448975
9.17647075653076
8.64705848693848
11.5882349014282
11.2941179275513
11.1176471710205
11.6470584869385
11.764705657959
13.235294342041
7.82352924346924
8.11764717102051
8.05882358551025
7.52941179275513
7.41176462173462
7.82352924346924
7.17647075653076
8.58823490142822
8.70588207244873
8.52941131591797
9.11764717102051
8.58823490142822
9.76470565795898
9.35294151306152
9
9.64705848693848
10.8235292434692
11.9411764144897
13.470588684082
11.8235292434692
12.8235292434692
12.764705657959
10.7058820724487
10.3529415130615
9.94117641448975
10.1176471710205
8.52941131591797
11.3529415130615
15.1764707565308
10
11.8823528289795
16.1176471710205
9.94117641448975
8.23529434204102
7.82352924346924
6.82352924346924
5.94117641448975
7
7.88235282897949
6.41176462173462
6.58823537826538
6.23529434204102
6.94117641448975
7.11764717102051
7.82352924346924
7.88235282897949
7.76470565795898
8.35294151306152
8.05882358551025
8.76470565795898
9.17647075653076
8.64705848693848
8.88235282897949
9
8.05882358551025
8
8.17647075653076
7.76470565795898
7.41176462173462
7.23529434204102
7.52941179275513
9.17647075653076
10.470588684082
9.64705848693848
9.11764717102051
10.5882349014282
7.70588254928589
7.17647075653076
9.47058868408203
8
7.05882358551025
8.23529434204102
8.35294151306152
7.47058820724487
9
11.1764707565308
11
11.1764707565308
9.70588207244873
11.1764707565308
8.05882358551025
7.82352924346924
8.47058868408203
8.35294151306152
8.76470565795898
7.17647075653076
7.76470565795898
8.35294151306152
8.82352924346924
8.52941131591797
8.47058868408203
8.94117641448975
9.35294151306152
10.3529415130615
9.76470565795898
10.1176471710205
10.4117650985718
12.9411764144897
13.0588235855103
12.0588235855103
9.76470565795898
10.0588235855103
6.94117641448975
7.11764717102051
6
8.41176509857178
11.1764707565308
11.8823528289795
12.529411315918
9.64705848693848
8.88235282897949
13.5882349014282
12.2941179275513
11.0588235855103
9.76470565795898
9.82352924346924
7.05882358551025
5.94117641448975
6.17647075653076
7.23529434204102
7.41176462173462
6.82352924346924
7.23529434204102
7.70588254928589
6.82352924346924
7
7.58823537826538
7.58823537826538
8.29411792755127
7.64705896377563
8.58823490142822
9.11764717102051
9.29411792755127
9.41176509857178
8.64705848693848
8.41176509857178
8.64705848693848
7.52941179275513
8
7.70588254928589
9.35294151306152
9.05882358551025
9.23529434204102
10.0588235855103
9.29411792755127
10.5882349014282
8.41176509857178
7.76470565795898
7.88235282897949
9.23529434204102
8.94117641448975
7.82352924346924
8.47058868408203
9.47058868408203
8.58823490142822
9.47058868408203
11.2941179275513
10.1176471710205
11.0588235855103
11.3529415130615
7.70588254928589
7.23529434204102
7.52941179275513
8
9.23529434204102
9.52941131591797
7.82352924346924
7.35294103622437
6.70588254928589
7.41176462173462
7.94117641448975
8.94117641448975
10.0588235855103
11
9.64705848693848
9.76470565795898
11.2941179275513
10.764705657959
10.764705657959
9.76470565795898
15.470588684082
12.235294342041
6.47058820724487
5.88235282897949
7.11764717102051
7.58823537826538
8.94117641448975
10.3529415130615
8.94117641448975
12.1176471710205
10.8235292434692
11
13.1764707565308
11.2941179275513
9
7
7.35294103622437
7.35294103622437
7.82352924346924
8.41176509857178
7.64705896377563
8.05882358551025
7.23529434204102
6.70588254928589
7.05882358551025
6.52941179275513
6.94117641448975
7.11764717102051
7.52941179275513
7.41176462173462
7.17647075653076
8.52941131591797
9.58823490142822
9.05882358551025
7.11764717102051
8.52941131591797
9.41176509857178
8.23529434204102
7.88235282897949
7.64705896377563
8.29411792755127
9.29411792755127
10
9.70588207244873
9.23529434204102
7.82352924346924
7.35294103622437
8.05882358551025
10.529411315918
8.05882358551025
8.64705848693848
6.76470565795898
8.35294151306152
10.0588235855103
8.05882358551025
9.41176509857178
10.0588235855103
9.29411792755127
9.70588207244873
10.3529415130615
6.94117641448975
7.82352924346924
7.17647075653076
8.11764717102051
7.94117641448975
8.29411792755127
7.52941179275513
7.64705896377563
7.47058820724487
8.52941131591797
7.35294103622437
8.11764717102051
8.76470565795898
7.94117641448975
9.11764717102051
9.70588207244873
10.6470584869385
8.88235282897949
8.88235282897949
10.4117650985718
12.3529415130615
11.1764707565308
8.52941131591797
6.58823537826538
7.11764717102051
6.94117641448975
8.05882358551025
8.76470565795898
10.2941179275513
11.470588684082
9.47058868408203
9.52941131591797
8.41176509857178
8.35294151306152
8.58823490142822
6.88235282897949
6.70588254928589
9.64705848693848
9.70588207244873
9.41176509857178
8
7.35294103622437
6.94117641448975
6.47058820724487
6.94117641448975
7.05882358551025
7.52941179275513
6.11764717102051
6.94117641448975
7.82352924346924
8.05882358551025
7.70588254928589
8.76470565795898
8.41176509857178
7.29411745071411
8.58823490142822
8.35294151306152
8.11764717102051
8.17647075653076
7.41176462173462
7.94117641448975
8.64705848693848
9
9
7.64705896377563
6.23529434204102
6.94117641448975
10.3529415130615
10.3529415130615
8.47058868408203
8.47058868408203
6.47058820724487
8.64705848693848
8.11764717102051
6.52941179275513
6.58823537826538
7.88235282897949
8.52941131591797
8.88235282897949
9
6.47058820724487
6.58823537826538
6.76470565795898
6.58823537826538
6.35294103622437
6.58823537826538
6.88235282897949
6.17647075653076
6.47058820724487
6
7.17647075653076
7.41176462173462
14.8823528289795
7.82352924346924
6.94117641448975
7.58823537826538
8.47058868408203
9.94117641448975
5.88235282897949
6.52941179275513
8.64705848693848
10.3529415130615
7.05882358551025
4.35294103622437
4.94117641448975
5.35294103622437
7.76470565795898
9.29411792755127
10.235294342041
11.3529415130615
10.6470584869385
10
8.76470565795898
8.70588207244873
6.94117641448975
6.29411745071411
7.52941179275513
8.23529434204102
8.05882358551025
7.88235282897949
6.58823537826538
7.23529434204102
6.94117641448975
6.52941179275513
6.76470565795898
6.58823537826538
6.11764717102051
5.76470565795898
7.11764717102051
7.88235282897949
8.94117641448975
8.76470565795898
9.47058868408203
7.70588254928589
7.64705896377563
8.29411792755127
8.94117641448975
9
9.11764717102051
8.52941131591797
8.29411792755127
8.05882358551025
8
7.05882358551025
7.35294103622437
7.58823537826538
9.64705848693848
11.2941179275513
8.47058868408203
9.11764717102051
7.70588254928589
10.1176471710205
9
6.17647075653076
6.88235282897949
7.35294103622437
8.76470565795898
9.05882358551025
9.29411792755127
9.52941131591797
6.35294103622437
6.76470565795898
5.64705896377563
5.47058820724487
5.52941179275513
5.64705896377563
5.76470565795898
5.82352924346924
5.29411745071411
6.05882358551025
6.52941179275513
6.64705896377563
5.52941179275513
6.64705896377563
6.29411745071411
6.47058820724487
5.82352924346924
6.76470565795898
6.47058820724487
7.64705896377563
5.94117641448975
8.11764717102051
7.29411745071411
5.41176462173462
4.41176462173462
5.52941179275513
6.41176462173462
8.58823490142822
8.76470565795898
11.1176471710205
12.4117650985718
9.11764717102051
8.29411792755127
8.05882358551025
6.82352924346924
6.76470565795898
6.76470565795898
6.58823537826538
7.41176462173462
7.88235282897949
7.82352924346924
7.23529434204102
7.29411745071411
6.29411745071411
6.35294103622437
6.35294103622437
7.23529434204102
6.52941179275513
8.05882358551025
7.35294103622437
8.70588207244873
9.29411792755127
7.94117641448975
6.94117641448975
7.41176462173462
8.82352924346924
8.88235282897949
9.11764717102051
9.05882358551025
8.35294151306152
8.58823490142822
8.05882358551025
7.29411745071411
7.88235282897949
7.17647075653076
8.35294151306152
12.3529415130615
8.76470565795898
9.17647075653076
7.17647075653076
9.11764717102051
10.764705657959
9.94117641448975
7.05882358551025
7
8.41176509857178
8.64705848693848
9.05882358551025
9.88235282897949
10.2941179275513
5.70588254928589
5.41176462173462
5.41176462173462
4.82352924346924
4.05882358551025
4.35294103622437
4.47058820724487
4.47058820724487
4.17647075653076
4.29411745071411
5.41176462173462
5.76470565795898
6.05882358551025
6.05882358551025
5.29411745071411
5.23529434204102
5.52941179275513
5.17647075653076
5.11764717102051
4.70588254928589
4.94117641448975
4.88235282897949
5.47058820724487
7.41176462173462
5.29411745071411
4.52941179275513
6
6.29411745071411
6.88235282897949
8.17647075653076
8.94117641448975
9.47058868408203
8.47058868408203
6.70588254928589
6.29411745071411
6.82352924346924
6.05882358551025
6.17647075653076
7.47058820724487
6.82352924346924
7.29411745071411
6.11764717102051
6.47058820724487
6.11764717102051
6.52941179275513
8
6.82352924346924
7.05882358551025
8.64705848693848
7.82352924346924
8.58823490142822
8.58823490142822
7.52941179275513
7.35294103622437
7.41176462173462
8.29411792755127
7.76470565795898
8.70588207244873
8.88235282897949
9.29411792755127
8.52941131591797
7.52941179275513
8.52941131591797
7.17647075653076
8.29411792755127
11.235294342041
9.17647075653076
8.58823490142822
7.47058820724487
7.47058820724487
10.5882349014282
12.6470584869385
7.94117641448975
6.82352924346924
7.88235282897949
7.58823537826538
9.11764717102051
9.94117641448975
9.94117641448975
10
5.29411745071411
5.52941179275513
5.41176462173462
4
4.70588254928589
4.11764717102051
4.35294103622437
4.47058820724487
5.41176462173462
6.11764717102051
6.64705896377563
7.29411745071411
7.41176462173462
7.70588254928589
5.82352924346924
5
4
4.17647075653076
4.23529434204102
4.41176462173462
3.76470589637756
2.82352948188782
3.58823537826538
3.35294127464294
3.17647051811218
3.35294127464294
3.88235282897949
4.76470565795898
4.64705896377563
4.58823537826538
4.29411745071411
5.29411745071411
5.82352924346924
6.17647075653076
5.41176462173462
5.23529434204102
4.17647075653076
5.17647075653076
4.94117641448975
5.23529434204102
5.41176462173462
5.11764717102051
6
6.88235282897949
7.11764717102051
6.52941179275513
6.58823537826538
7.11764717102051
7.29411745071411
8.64705848693848
7.82352924346924
7.41176462173462
7.58823537826538
7.52941179275513
8.29411792755127
8.88235282897949
9.76470565795898
9.17647075653076
9.47058868408203
8.82352924346924
8.52941131591797
8.23529434204102
6.94117641448975
7.94117641448975
9.17647075653076
8.64705848693848
7.76470565795898
8.29411792755127
7.11764717102051
8.52941131591797
10.3529415130615
12.529411315918
8.70588207244873
9.58823490142822
8.52941131591797
9
8.64705848693848
9.58823490142822
9.82352924346924
8.58823490142822
4.82352924346924
5
4.88235282897949
5.58823537826538
4.94117641448975
5.35294103622437
5.05882358551025
6.11764717102051
6.47058820724487
7.17647075653076
11.8235292434692
9.17647075653076
9.58823490142822
9.05882358551025
10.8235292434692
5.58823537826538
4.76470565795898
4.41176462173462
4.41176462173462
3.94117641448975
4.23529434204102
4.47058820724487
2.88235282897949
2.82352948188782
3.29411768913269
2.76470589637756
2.70588231086731
3.29411768913269
3.41176462173462
3.23529410362244
3.35294127464294
3.05882358551025
3.94117641448975
3.29411768913269
3.70588231086731
3.64705872535706
3.88235282897949
4.29411745071411
4.17647075653076
4.47058820724487
4.64705896377563
5.17647075653076
5.94117641448975
6.05882358551025
6.94117641448975
7.17647075653076
8.17647075653076
7.17647075653076
7.05882358551025
7.76470565795898
7.29411745071411
7
7.17647075653076
7.17647075653076
7.41176462173462
9.23529434204102
9.47058868408203
10.1764707565308
9.47058868408203
8.17647075653076
8.29411792755127
8.41176509857178
7.29411745071411
8.52941131591797
8.23529434204102
8.11764717102051
7.58823537826538
7.23529434204102
7.70588254928589
8.76470565795898
10.9411764144897
14.7058820724487
13
8.76470565795898
7.47058820724487
7.35294103622437
7.52941179275513
8.05882358551025
7.64705896377563
8
5.64705896377563
5.23529434204102
5.64705896377563
5.76470565795898
6.41176462173462
6.35294103622437
7.29411745071411
8.64705848693848
8.35294151306152
6.47058820724487
6.29411745071411
8
8.11764717102051
11
12.8235292434692
18.3529415130615
23.470588684082
6.11764717102051
4.82352924346924
5.47058820724487
3.64705872535706
2.17647051811218
3.58823537826538
4.17647075653076
3.05882358551025
3.82352948188782
4.70588254928589
2.41176462173462
2.41176462173462
2.41176462173462
3.41176462173462
3.05882358551025
3.29411768913269
3.58823537826538
3.64705872535706
3.88235282897949
3.64705872535706
4.11764717102051
3.70588231086731
4.76470565795898
4.82352924346924
5.29411745071411
6.35294103622437
6.82352924346924
7.05882358551025
7.70588254928589
7.76470565795898
9.05882358551025
8.23529434204102
7.82352924346924
6.35294103622437
6.17647075653076
6.05882358551025
6.47058820724487
8.23529434204102
9.94117641448975
8.88235282897949
10.3529415130615
8.17647075653076
7.76470565795898
7.76470565795898
8.11764717102051
6.58823537826538
7.23529434204102
7.41176462173462
7.35294103622437
6.05882358551025
6.47058820724487
8
9.64705848693848
13.2941179275513
16.0588226318359
16.4117641448975
7.82352924346924
7.64705896377563
6.29411745071411
6.41176462173462
7.17647075653076
7.35294103622437
8.11764717102051
7.70588254928589
14.0588235855103
15
16.1176471710205
16.9411773681641
14.3529415130615
9
10.7058820724487
12.6470584869385
19.294116973877
25.470588684082
14.764705657959
12.3529415130615
13.4117650985718
10.1176471710205
10.3529415130615
10.9411764144897
10.4117650985718
3.41176462173462
2.76470589637756
2.58823537826538
2.29411768913269
2.11764717102051
2.23529410362244
3.11764717102051
3.23529410362244
3
2.64705872535706
2.76470589637756
2.70588231086731
2.76470589637756
2.94117641448975
2.94117641448975
3.11764717102051
3.11764717102051
3.41176462173462
3.41176462173462
4
4.47058820724487
5.70588254928589
6.29411745071411
5.58823537826538
7.35294103622437
8
8.47058868408203
8.29411792755127
9.11764717102051
8.58823490142822
9.11764717102051
7.88235282897949
7.82352924346924
7.17647075653076
6.58823537826538
6.94117641448975
7.47058820724487
8
9.05882358551025
10
9.58823490142822
7.29411745071411
10.529411315918
5.94117641448975
6.11764717102051
7.35294103622437
6.05882358551025
6.35294103622437
6.23529434204102
5.94117641448975
7.29411745071411
11.8823528289795
10.5882349014282
9.47058868408203
8.82352924346924
7.58823537826538
5.52941179275513
5.64705896377563
6.82352924346924
7.41176462173462
8
7.70588254928589
9.82352924346924
19.294116973877
12.764705657959
11
9.76470565795898
10.7058820724487
11.6470584869385
11.3529415130615
15.3529415130615
21.4117641448975
16.8235301971436
8.76470565795898
5.47058820724487
4.70588254928589
5.11764717102051
4.41176462173462
5.05882358551025
4.70588254928589
3.41176462173462
2.88235282897949
2.70588231086731
2.17647051811218
2
2.23529410362244
3
3.17647051811218
3.17647051811218
3.58823537826538
3.23529410362244
3.35294127464294
2.88235282897949
2.76470589637756
3.41176462173462
2.94117641448975
3.11764717102051
3.17647051811218
4
5.23529434204102
6.05882358551025
6.23529434204102
7.94117641448975
9.05882358551025
9.76470565795898
9.94117641448975
10.1176471710205
8.94117641448975
9.11764717102051
8.82352924346924
8.41176509857178
8.41176509857178
7.23529434204102
6.52941179275513
7
6.76470565795898
7.29411745071411
9.05882358551025
10
11.4117650985718
10.1764707565308
9.70588207244873
5.41176462173462
5.64705896377563
5.23529434204102
5.17647075653076
4.88235282897949
5.52941179275513
5.23529434204102
6.29411745071411
7.29411745071411
10.7058820724487
9.35294151306152
9.17647075653076
10.5882349014282
8.70588207244873
6.94117641448975
7.88235282897949
8.29411792755127
7.94117641448975
7.76470565795898
7.94117641448975
12.0588235855103
7.41176462173462
8.88235282897949
11.5882349014282
9.11764717102051
7
10.529411315918
12.764705657959
13.1764707565308
7.11764717102051
6.52941179275513
4.52941179275513
4.41176462173462
4
3.11764717102051
3.05882358551025
2.82352948188782
2.82352948188782
2.35294127464294
2.23529410362244
2.23529410362244
1.76470589637756
1.94117641448975
2.05882358551025
2.35294127464294
2.88235282897949
3.17647051811218
3.35294127464294
3.52941179275513
3.52941179275513
3.52941179275513
3.29411768913269
3.70588231086731
4.17647075653076
3.52941179275513
3.88235282897949
3.88235282897949
4.76470565795898
5.70588254928589
6.94117641448975
7.29411745071411
7.70588254928589
7.94117641448975
9.58823490142822
9.11764717102051
8.64705848693848
7.29411745071411
7.35294103622437
7.52941179275513
7.05882358551025
5.76470565795898
5
6
8.29411792755127
8.70588207244873
8.58823490142822
9
9.23529434204102
11.235294342041
6.29411745071411
5.52941179275513
5.58823537826538
6
5.76470565795898
5.94117641448975
5.41176462173462
6.17647075653076
7.11764717102051
8.58823490142822
16.764705657959
15.6470584869385
8.52941131591797
7.17647075653076
11.5882349014282
11.8823528289795
9.23529434204102
8.41176509857178
8.58823490142822
9.64705848693848
10.1176471710205
12.0588235855103
15.2941179275513
17.3529415130615
14.529411315918
12.1176471710205
8.94117641448975
6.88235282897949
5.70588254928589
4.64705896377563
4.47058820724487
3.47058820724487
3
2.58823537826538
2.29411768913269
2.29411768913269
2.17647051811218
2.35294127464294
2.29411768913269
2.17647051811218
2.35294127464294
2.76470589637756
2.47058820724487
2.70588231086731
3.05882358551025
3.88235282897949
5.11764717102051
6.29411745071411
8.35294151306152
7.82352924346924
4.82352924346924
4.05882358551025
3.94117641448975
3.76470589637756
3.94117641448975
4.11764717102051
3.70588231086731
4.29411745071411
4.88235282897949
5.52941179275513
5.88235282897949
7.64705896377563
8.47058868408203
8.76470565795898
8.94117641448975
9.70588207244873
9.11764717102051
7.41176462173462
7.47058820724487
7.05882358551025
5.35294103622437
5.52941179275513
6.41176462173462
7.35294103622437
5.94117641448975
5.82352924346924
8.35294151306152
7.82352924346924
8.35294151306152
6.70588254928589
7.64705896377563
7.88235282897949
7.35294103622437
7.94117641448975
7.64705896377563
7.29411745071411
7.64705896377563
8.64705848693848
10.764705657959
12.0588235855103
20.5882358551025
18.8235301971436
8.70588207244873
6.64705896377563
7.11764717102051
10.529411315918
11.1176471710205
12
11.529411315918
12.5882349014282
15.0588235855103
15.8235292434692
16.1176471710205
9.17647075653076
8.11764717102051
10.7058820724487
32.1764717102051
9.47058868408203
5.23529434204102
4.17647075653076
3.76470589637756
2.70588231086731
2.52941179275513
2.05882358551025
2.35294127464294
2
2.35294127464294
3.05882358551025
4.05882358551025
4.94117641448975
4.47058820724487
3.23529410362244
2.58823537826538
2.47058820724487
2.35294127464294
2.76470589637756
4.94117641448975
6.70588254928589
9.41176509857178
10.764705657959
16.0588226318359
8.88235282897949
5.70588254928589
5.05882358551025
4.23529434204102
4.11764717102051
4.52941179275513
4.64705896377563
5.47058820724487
6.05882358551025
7.11764717102051
7.82352924346924
7.64705896377563
7.82352924346924
8.94117641448975
8.58823490142822
7.23529434204102
7.23529434204102
6.41176462173462
5.23529434204102
5.17647075653076
5.29411745071411
5.41176462173462
5.17647075653076
4.82352924346924
5.23529434204102
7.11764717102051
8.58823490142822
8.35294151306152
8.58823490142822
5.76470565795898
7.52941179275513
8.29411792755127
10.235294342041
10.1176471710205
10.3529415130615
10.1764707565308
10.470588684082
13.0588235855103
18.529411315918
20.705883026123
12.1176471710205
7.88235282897949
6.05882358551025
7.23529434204102
10.9411764144897
12.1764707565308
14.1176471710205
13.3529415130615
14.7058820724487
17.1176471710205
10.0588235855103
10.470588684082
8.41176509857178
6.29411745071411
8.29411792755127
13.8823528289795
17.529411315918
8.47058868408203
5.64705896377563
4.35294103622437
3
2.58823537826538
2.47058820724487
2.47058820724487
3.17647051811218
5.76470565795898
7.52941179275513
7.11764717102051
5.76470565795898
4.70588254928589
4.94117641448975
5.52941179275513
3
2.58823537826538
3.17647051811218
4.11764717102051
6.11764717102051
11.4117650985718
13.7058820724487
23.294116973877
18.705883026123
16.8823528289795
10.8235292434692
6.47058820724487
5
5.29411745071411
6.23529434204102
6.05882358551025
6.82352924346924
8.58823490142822
7.58823537826538
8.88235282897949
8.52941131591797
9
7.29411745071411
7.17647075653076
7.76470565795898
7.35294103622437
7
4.82352924346924
7.17647075653076
5.76470565795898
5.94117641448975
5.23529434204102
5.58823537826538
6
6.94117641448975
8.76470565795898
7.47058820724487
6.41176462173462
6.05882358551025
7.76470565795898
9.76470565795898
10.4117650985718
11.4117650985718
12.9411764144897
16.3529415130615
20.294116973877
21
18.705883026123
13.3529415130615
7.05882358551025
8.29411792755127
9.76470565795898
12.2941179275513
14.9411764144897
14.764705657959
16.1764698028564
16.8823528289795
17.764705657959
12.4117650985718
8.70588207244873
12.5882349014282
14.5882349014282
21.0588226318359
9.82352924346924
15.0588235855103
14.470588684082
23.0588226318359
17.8235301971436
7.35294103622437
6.58823537826538
10.1764707565308
10.0588235855103
7.47058820724487
6.23529434204102
7.94117641448975
10.4117650985718
8.64705848693848
9.94117641448975
11.0588235855103
9.76470565795898
6.05882358551025
5.52941179275513
4.88235282897949
4.11764717102051
3.82352948188782
5.05882358551025
8.23529434204102
10.4117650985718
10.4117650985718
9.88235282897949
9.64705848693848
7.17647075653076
6
6.76470565795898
7.76470565795898
7.64705896377563
9.23529434204102
8.29411792755127
8.29411792755127
9
8.76470565795898
8.47058868408203
7.23529434204102
6.70588254928589
6.58823537826538
6.94117641448975
7
7
5.94117641448975
4.58823537826538
4.70588254928589
4.64705896377563
6.11764717102051
6.29411745071411
7.94117641448975
8.58823490142822
7.52941179275513
6.29411745071411
5.88235282897949
6.88235282897949
9.52941131591797
11
13.1764707565308
14.9411764144897
14.529411315918
16.470588684082
14.1176471710205
20.5882358551025
11.3529415130615
7.17647075653076
8.41176509857178
10.9411764144897
15.470588684082
16.4117641448975
15.6470584869385
20.1764698028564
20.235294342041
22.1764698028564
8.70588207244873
11.5882349014282
14.470588684082
17.5882358551025
19.764705657959
17
18.470588684082
6.94117641448975
10.529411315918
7.58823537826538
16.4117641448975
23.6470584869385
11.2941179275513
7.94117641448975
7.88235282897949
9.23529434204102
8.64705848693848
9.82352924346924
11.0588235855103
14.4117650985718
11.2941179275513
11.5882349014282
9.94117641448975
8.11764717102051
9.29411792755127
8.64705848693848
8.05882358551025
8.70588207244873
9.11764717102051
14.470588684082
11.470588684082
11.470588684082
14
8.47058868408203
7.47058820724487
9.17647075653076
9.58823490142822
9.52941131591797
8
9.23529434204102
8.35294151306152
8
9
8.41176509857178
7.05882358551025
6.82352924346924
7.29411745071411
7.11764717102051
7.76470565795898
6.70588254928589
5.11764717102051
5
5.52941179275513
5.64705896377563
5.88235282897949
6.64705896377563
8.76470565795898
9.17647075653076
9.52941131591797
7.17647075653076
6.52941179275513
6.52941179275513
9.23529434204102
10.8823528289795
9.76470565795898
11.2941179275513
13.764705657959
15.8823528289795
17.470588684082
12.7058820724487
9.17647075653076
8.52941131591797
11.1176471710205
14
16.8235301971436
21.6470584869385
20.529411315918
22
22
22.8823528289795
8.76470565795898
15.1764707565308
25.3529415130615
17.705883026123
26.3529415130615
15.1176471710205
9.88235282897949
12.6470584869385
10.2941179275513
12.0588235855103
14.470588684082
11.3529415130615
10.470588684082
8.76470565795898
8.17647075653076
9.94117641448975
10.9411764144897
10
11.6470584869385
13.8235292434692
13.5882349014282
12
11.9411764144897
10.529411315918
10.1764707565308
12
11.8235292434692
10.2941179275513
11.235294342041
13.470588684082
14.0588235855103
11.8235292434692
11.8823528289795
11.4117650985718
9.82352924346924
10.235294342041
10
11.529411315918
10
7.82352924346924
7.70588254928589
8.17647075653076
8.35294151306152
7.52941179275513
7
7.17647075653076
7.05882358551025
8.35294151306152
9.23529434204102
8.47058868408203
5.41176462173462
5.29411745071411
6.05882358551025
6.17647075653076
6.94117641448975
7
8.29411792755127
8.17647075653076
6.17647075653076
6.47058820724487
6.58823537826538
9
10.6470584869385
8.76470565795898
6.58823537826538
9.29411792755127
15.470588684082
8.70588207244873
9.47058868408203
9.52941131591797
9.64705848693848
9.94117641448975
10.8823528289795
14.5882349014282
17.8823528289795
18.470588684082
19.8823528289795
19.4117641448975
18.8235301971436
19.5882358551025
13.235294342041
15.8235292434692
23
27.8823528289795
20.294116973877
35.9411773681641
11.6470584869385
8.23529434204102
7.88235282897949
12.1176471710205
13.235294342041
13.1764707565308
12.9411764144897
11.4117650985718
11.8235292434692
12.8823528289795
11.764705657959
10.8235292434692
12.3529415130615
13
12.5882349014282
15
13.7058820724487
12.235294342041
12.470588684082
14.8235292434692
14.8235292434692
16.8235301971436
12.8235292434692
15.1176471710205
14.764705657959
16.8823528289795
10.7058820724487
12.1176471710205
15.4117650985718
11.8823528289795
12.8823528289795
12.6470584869385
11.5882349014282
11.764705657959
10.2941179275513
10
8.58823490142822
7.47058820724487
6.76470565795898
8
7.29411745071411
8.23529434204102
7.23529434204102
9.41176509857178
7.88235282897949
6
5.58823537826538
6.52941179275513
6.17647075653076
6.76470565795898
8.52941131591797
6.76470565795898
6.64705896377563
6.88235282897949
10.764705657959
11.9411764144897
11.3529415130615
15.9411764144897
12.1764707565308
12.7058820724487
10.3529415130615
11.2941179275513
11.1764707565308
12.235294342041
11.0588235855103
11.470588684082
15.764705657959
16.294116973877
16.8235301971436
18.8823528289795
20.8823528289795
18.705883026123
18.4117641448975
16.6470584869385
17.1764698028564
17.4117641448975
17
17.764705657959
21.705883026123
38.1764717102051
36.235294342041
14.764705657959
13.7058820724487
15.2941179275513
13.764705657959
12.9411764144897
14.529411315918
15.470588684082
16.1764698028564
16.6470584869385
15.6470584869385
17.235294342041
17.0588226318359
16.4117641448975
16.470588684082
17.9411773681641
17.9411773681641
19.529411315918
18.0588226318359
22.470588684082
21.0588226318359
17.9411773681641
19.5882358551025
20.1764698028564
17.4117641448975
21.294116973877
19.9411773681641
22.1176471710205
24.1764698028564
14.2941179275513
13.8235292434692
13.2941179275513
13.1176471710205
10.764705657959
9.58823490142822
7.94117641448975
10.1764707565308
8.70588207244873
8.88235282897949
9.05882358551025
8.05882358551025
8.94117641448975
9.58823490142822
9.05882358551025
8.70588207244873
5.76470565795898
5.64705896377563
5.58823537826538
6.88235282897949
8.11764717102051
8.76470565795898
9.41176509857178
8.70588207244873
9
12.8823528289795
16.0588226318359
10.1764707565308
12.2941179275513
13.1764707565308
14.1176471710205
12.764705657959
13.529411315918
12.8235292434692
13.1764707565308
13.470588684082
15
14.2941179275513
15.764705657959
14.5882349014282
15.9411764144897
16.6470584869385
17.705883026123
14.235294342041
15.3529415130615
13.5882349014282
13.4117650985718
13.7058820724487
13.470588684082
17.470588684082
21.529411315918
37.764705657959
58.764705657959
18.764705657959
12.9411764144897
16.6470584869385
13.2941179275513
17.8235301971436
21.235294342041
24.470588684082
20.5882358551025
23.294116973877
24.6470584869385
24.0588226318359
20.4117641448975
18.8235301971436
19.6470584869385
24.705883026123
27.235294342041
35.3529396057129
25.4117641448975
23.470588684082
29.1176471710205
35.0588226318359
27.0588226318359
25
26
22.529411315918
36.4117660522461
16.5882358551025
13.8235292434692
13.5882349014282
16.4117641448975
19.6470584869385
14.9411764144897
11.1764707565308
10.529411315918
7.82352924346924
8.41176509857178
10.235294342041
9.76470565795898
11.8235292434692
7.76470565795898
8.52941131591797
8.58823490142822
8.17647075653076
9.29411792755127
6.11764717102051
6.94117641448975
8.35294151306152
8.82352924346924
8.94117641448975
10.0588235855103
11.529411315918
10.8235292434692
16.705883026123
10.1176471710205
13.8823528289795
14.529411315918
13.1176471710205
13.7058820724487
13.9411764144897
13.1764707565308
13.1176471710205
12.0588235855103
12.529411315918
13.1764707565308
12.7058820724487
14
13.9411764144897
15.2941179275513
14.2941179275513
14.0588235855103
13.6470584869385
14.1764707565308
13.6470584869385
11.3529415130615
11.7058820724487
12.235294342041
14.8235292434692
16.8823528289795
25.764705657959
57.705883026123
84.5882339477539
82.9411773681641
16.1176471710205
19.4117641448975
22.8823528289795
17.5882358551025
19.470588684082
27.0588226318359
29.705883026123
26.294116973877
24.235294342041
18.5882358551025
27.705883026123
32.3529396057129
27
40
53.1176452636719
29.0588226318359
28.0588226318359
24.8823528289795
35
29.9411773681641
35.1764717102051
27.1176471710205
45.529411315918
16.705883026123
15
12.7058820724487
14.235294342041
15.8823528289795
14.764705657959
15.0588235855103
11.6470584869385
8.35294151306152
8.17647075653076
9.70588207244873
9.05882358551025
12.9411764144897
10.5882349014282
11.1764707565308
12.2941179275513
12.2941179275513
12.235294342041
8.05882358551025
7.52941179275513
7.23529434204102
9.47058868408203
9.41176509857178
10.6470584869385
12.0588235855103
13.3529415130615
12.764705657959
13.2941179275513
15.470588684082
16
14
12.8235292434692
11.7058820724487
11.7058820724487
12.529411315918
12.470588684082
11.9411764144897
12.529411315918
13.5882349014282
13.8823528289795
14.5882349014282
13.4117650985718
13.8235292434692
14.1764707565308
12.6470584869385
13.1176471710205
15.1176471710205
9.94117641448975
10.1764707565308
10.3529415130615
10.470588684082
13.9411764144897
17.1764698028564
20.4117641448975
33.5882339477539
51
66.7058792114258
96.4117660522461
103.823532104492
74.470588684082
28.8235301971436
35
37.3529396057129
27.294116973877
39.5882339477539
34.8823547363281
33.3529396057129
51.5882339477539
36.529411315918
36.1764717102051
48.294116973877
98.5882339477539
165.529418945312
31.705883026123
31.294116973877
58.235294342041
63.235294342041
35.5882339477539
39.4117660522461
35.1176452636719
17.529411315918
15.8235292434692
16.1176471710205
15.4117650985718
16.3529415130615
21.235294342041
20.529411315918
14.8235292434692
10
9.64705848693848
10.235294342041
12.235294342041
13.1764707565308
12.2941179275513
14.764705657959
15.3529415130615
13.235294342041
12.5882349014282
13.5882349014282
9.88235282897949
9.52941131591797
9.94117641448975
11.0588235855103
11.8823528289795
12.5882349014282
13.7058820724487
15.4117650985718
16.5882358551025
15.9411764144897
15.7058820724487
14.470588684082
12.3529415130615
12.1764707565308
11.7058820724487
12.7058820724487
12.235294342041
11.529411315918
13.764705657959
14.4117650985718
13.8823528289795
12.6470584869385
14.529411315918
13.6470584869385
15.7058820724487
14.235294342041
15.235294342041
15.764705657959
7.64705896377563
6.94117641448975
7.29411745071411
10.0588235855103
14.529411315918
17.764705657959
22.3529415130615
25.8823528289795
36.705883026123
63.8823547363281
74.470588684082
88.2941207885742
98.7647094726562
116.764709472656
137.117645263672
46.1764717102051
14.1764707565308
12.3529415130615
11.6470584869385
10.470588684082
19.235294342041
11.3529415130615
38.5882339477539
207
138.235290527344
117.35294342041
113.882354736328
124.35294342041
74.4117660522461
70.1764678955078
68.4117660522461
56.470588684082
33.294116973877
31.294116973877
18.1176471710205
20.764705657959
19.5882358551025
21
19
18.1176471710205
13.9411764144897
13.470588684082
12.3529415130615
13.8235292434692
15.3529415130615
12.8823528289795
14.3529415130615
15.1764707565308
16.764705657959
16.5882358551025
13.1764707565308
13.470588684082
10.8823528289795
10.470588684082
10.8235292434692
11.0588235855103
12.529411315918
15.1764707565308
14.2941179275513
13.9411764144897
14
14.764705657959
15
13.3529415130615
13.764705657959
15.529411315918
12.8823528289795
13.3529415130615
14
12.0588235855103
13
13.764705657959
14.1764707565308
14.8235292434692
15.764705657959
13.6470584869385
15.5882349014282
15.1764707565308
16.1176471710205
18.1764698028564
6.35294103622437
7
8
11.9411764144897
16.4117641448975
19.1764698028564
23.0588226318359
26.9411773681641
28.8823528289795
30.8823528289795
46.235294342041
43.705883026123
61.1176452636719
84.8823547363281
95.470588684082
114.176467895508
148.941177368164
189.882354736328
168.29411315918
124.941177368164
158.29411315918
144.470581054688
190.764709472656
113.823532104492
81.8823547363281
63.9411773681641
107.235290527344
132.411758422852
114.882354736328
52.6470603942871
60.235294342041
40.4117660522461
31.529411315918
20.470588684082
22.0588226318359
19.8823528289795
18.3529415130615
18
17.8235301971436
16.8823528289795
15.2941179275513
15.4117650985718
13.6470584869385
14.5882349014282
15.1764707565308
14.0588235855103
14.4117650985718
15.6470584869385
16.9411773681641
14.3529415130615
13.6470584869385
11.7058820724487
11.470588684082
11.9411764144897
11.764705657959
11.5882349014282
15.470588684082
15.470588684082
13.8823528289795
13.8823528289795
16.235294342041
13.9411764144897
15.1176471710205
15
15.1176471710205
14.529411315918
14.5882349014282
14.6470584869385
13
13
13.470588684082
14
15.3529415130615
13.8235292434692
15.2941179275513
15.5882349014282
15.7058820724487
16.529411315918
17.8235301971436
17.4117641448975
5.76470565795898
7.94117641448975
8.70588207244873
12.529411315918
13.235294342041
19.470588684082
21.6470584869385
23
29.470588684082
30.0588226318359
37
43.1176452636719
47.470588684082
45.4117660522461
43.9411773681641
59.705883026123
64.1176452636719
73.9411773681641
107.529411315918
113.470588684082
106.764709472656
111.705879211426
102.882354736328
86.9411773681641
117.117645263672
96.9411773681641
102.235290527344
102.117645263672
122.470588684082
42.5882339477539
54.8235282897949
44.294116973877
49.0588226318359
24.6470584869385
19.529411315918
19.9411773681641
16.8235301971436
20.8823528289795
17.8235301971436
16.9411773681641
15.8235292434692
16.6470584869385
16.1764698028564
17.3529415130615
16.8823528289795
16.470588684082
15.764705657959
14.8823528289795
14.4117650985718
16.8235301971436
12.3529415130615
12.470588684082
12.764705657959
13.6470584869385
13.3529415130615
15.6470584869385
15.3529415130615
14.470588684082
13.7058820724487
16.470588684082
16.9411773681641
15.764705657959
16.294116973877
14.0588235855103
14.4117650985718
14.5882349014282
14.6470584869385
14.529411315918
13.5882349014282
13.6470584869385
13.7058820724487
14.470588684082
15.8823528289795
17.1764698028564
16.8235301971436
18.529411315918
18.5882358551025
18.470588684082
16.764705657959
17.8235301971436
7.29411745071411
10.1176471710205
11.235294342041
13.1764707565308
15.0588235855103
18.235294342041
21.1764698028564
23.5882358551025
28.529411315918
31
36.1764717102051
35.764705657959
38.4117660522461
41.529411315918
40.9411773681641
40.5882339477539
40.8823547363281
47.1764717102051
51.0588226318359
56.8823547363281
65.529411315918
62
55.764705657959
75.2352905273438
70.529411315918
109.882354736328
103.588233947754
104.176467895508
82.7058792114258
81.5882339477539
25.9411773681641
27.764705657959
33.470588684082
21.3529415130615
21.0588226318359
22.6470584869385
20.764705657959
21.5882358551025
25.705883026123
30.6470584869385
27.8823528289795
18.5882358551025
16.8823528289795
20.0588226318359
19.235294342041
16
18.3529415130615
16.4117641448975
18.3529415130615
13.764705657959
11.8823528289795
12.1176471710205
14.1176471710205
16.705883026123
15.6470584869385
15.3529415130615
17.294116973877
17.0588226318359
16.9411773681641
16.235294342041
16.1176471710205
17.4117641448975
17.6470584869385
15.8823528289795
16.3529415130615
15.3529415130615
15.0588235855103
18.0588226318359
16.1176471710205
16.470588684082
16.1176471710205
19.1764698028564
18.9411773681641
18.470588684082
23.3529415130615
21.1764698028564
21.9411773681641
19.6470584869385
19.764705657959
19.529411315918
NA
NA
14.7058820724487
12.7058820724487
16.529411315918
13.4117650985718
21.5882358551025
23.1764698028564
28.1764698028564
27.9411773681641
30.0588226318359
34.705883026123
31.8823528289795
35.6470603942871
34.4117660522461
29.4117641448975
36.4117660522461
42.235294342041
45.5882339477539
46.3529396057129
50.6470603942871
77.529411315918
96
50.294116973877
96.6470565795898
103.117645263672
109.823532104492
130.470581054688
76.8823547363281
76.2941207885742
51.764705657959
39.4117660522461
21.4117641448975
23
20.3529415130615
21.294116973877
19.764705657959
21
23
25.1176471710205
25
27.294116973877
28.5882358551025
29.6470584869385
18.705883026123
21.9411773681641
20.294116973877
21.470588684082
15.6470584869385
13.7058820724487
11
21.6470584869385
15.5882349014282
16.8235301971436
18.294116973877
19.764705657959
18.1764698028564
18.4117641448975
20.1176471710205
18.4117641448975
18.5882358551025
20.3529415130615
17.9411773681641
18.1176471710205
17.1764698028564
17.4117641448975
21.1176471710205
19.8823528289795
18.8235301971436
21
22.6470584869385
21.705883026123
21.8235301971436
24.705883026123
24.6470584869385
22.1764698028564
23.8235301971436
23.764705657959
23.294116973877
23.8235301971436
NA
NA
14.529411315918
15.6470584869385
17.764705657959
14.764705657959
18.1764698028564
24
30.529411315918
33.294116973877
38.764705657959
36.0588226318359
39.705883026123
26.705883026123
24.0588226318359
37.8823547363281
42.470588684082
41.470588684082
33.705883026123
39
41.705883026123
32.470588684082
60.764705657959
28
89.7647094726562
44.1764717102051
68.0588226318359
107.117645263672
101.294120788574
61.529411315918
51.8823547363281
45.8823547363281
30.235294342041
21
18.6470584869385
15.5882349014282
17.1764698028564
20.294116973877
21.764705657959
27.5882358551025
28.235294342041
26.294116973877
30.470588684082
28.3529415130615
27.1764698028564
23.529411315918
27.5882358551025
14.1176471710205
16.1764698028564
18.764705657959
35.705883026123
16.764705657959
17.705883026123
20.529411315918
20.1176471710205
18
19.8235301971436
20.529411315918
21
20
19.294116973877
23.294116973877
20.8823528289795
21.9411773681641
21.3529415130615
20.8235301971436
21.9411773681641
24.294116973877
25.705883026123
25.3529415130615
26.470588684082
27.1176471710205
24.0588226318359
26.235294342041
27
25.4117641448975
27.8235301971436
25.9411773681641
29.705883026123
27.529411315918
NA
NA
NA
16.294116973877
14.6470584869385
17.6470584869385
18.1764698028564
23.5882358551025
27.0588226318359
24.764705657959
40.529411315918
31
53.6470603942871
45.8823547363281
49.8823547363281
29.4117641448975
34.9411773681641
46.1764717102051
46.4117660522461
43.705883026123
50.0588226318359
27.5882358551025
36.470588684082
25.5882358551025
49.4117660522461
28.235294342041
42.764705657959
34.5882339477539
97.5882339477539
66.4117660522461
36.0588226318359
52.8235282897949
77.470588684082
38.764705657959
33.0588226318359
25.9411773681641
19.8823528289795
18.470588684082
21.3529415130615
21.1176471710205
22.4117641448975
26.0588226318359
28.470588684082
26.1176471710205
21.9411773681641
18.9411773681641
19.9411773681641
17.9411773681641
20.705883026123
25.8823528289795
23.6470584869385
11
22.1764698028564
22.294116973877
21.1176471710205
22
21.764705657959
21.8235301971436
23.235294342041
20.6470584869385
21.9411773681641
23.4117641448975
24.1764698028564
24.235294342041
22.5882358551025
25.9411773681641
28
27.8235301971436
29.4117641448975
26.3529415130615
25.529411315918
24.1764698028564
23.529411315918
27.1764698028564
29.1764698028564
32.5882339477539
30.470588684082
30.5882358551025
30.4117641448975
29.705883026123
NA
NA
NA
30.529411315918
11.5882349014282
16.294116973877
15.764705657959
19.294116973877
19.470588684082
25.4117641448975
40.0588226318359
33.6470603942871
40.0588226318359
39.705883026123
42.9411773681641
41.705883026123
41.8235282897949
18.8823528289795
37.294116973877
37.3529396057129
50.0588226318359
50.8823547363281
70.0588226318359
30.9411773681641
22.4117641448975
19.0588226318359
23.8823528289795
26.764705657959
92.2352905273438
50.1764717102051
64.529411315918
44.294116973877
55.294116973877
51
19.6470584869385
22.3529415130615
18.529411315918
18.8235301971436
11
18.5882358551025
23.470588684082
23.1764698028564
19
20.4117641448975
23
24.5882358551025
23.1764698028564
24.4117641448975
28.0588226318359
30.9411773681641
30.5882358551025
25.6470584869385
22.1764698028564
26.1764698028564
25.470588684082
23.0588226318359
23.9411773681641
23.1764698028564
22.1176471710205
24.6470584869385
23.6470584869385
29.294116973877
27.5882358551025
27.4117641448975
30
31.1176471710205
30.0588226318359
32.1176452636719
29.9411773681641
34.235294342041
31.764705657959
28.4117641448975
28.3529415130615
33.4117660522461
35.6470603942871
38.470588684082
42.6470603942871
40.8235282897949
33.470588684082
37.9411773681641
NA
NA
NA
60.9411773681641
10.1176471710205
12.529411315918
14.5882349014282
14.0588235855103
16.5882358551025
27
35.9411773681641
32.0588226318359
28.235294342041
44.470588684082
30.8823528289795
42.4117660522461
40.0588226318359
32.705883026123
41.235294342041
51.6470603942871
49.8235282897949
57.5882339477539
31.705883026123
106.294120788574
21.470588684082
46
46.0588226318359
22.470588684082
34.294116973877
35.5882339477539
61.1176452636719
35.6470603942871
54.0588226318359
26.5882358551025
19.470588684082
18.470588684082
19.764705657959
13.529411315918
15.764705657959
14
21.470588684082
15.529411315918
19.3529415130615
20.3529415130615
21.764705657959
23.529411315918
30.235294342041
28.6470584869385
32.8235282897949
35.0588226318359
31.4117641448975
33.4117660522461
27
23.8823528289795
29.4117641448975
28.4117641448975
29.764705657959
25.8823528289795
27.6470584869385
24.764705657959
29.470588684082
28.529411315918
29.5882358551025
30.3529415130615
30.764705657959
33.235294342041
30.1176471710205
30.1764698028564
34
36.6470603942871
33.8823547363281
31.235294342041
35.1764717102051
37.1764717102051
32.764705657959
38.8823547363281
40.764705657959
40.1764717102051
44.235294342041
41.3529396057129
NA
NA
NA
NA
10.0588235855103
13.1176471710205
14.6470584869385
17.235294342041
21.529411315918
22.3529415130615
41.4117660522461
35.529411315918
41.5882339477539
37.6470603942871
34.470588684082
17.529411315918
24.1176471710205
32.6470603942871
41.8823547363281
45.294116973877
52.3529396057129
64.3529434204102
69.1176452636719
88.2352905273438
65.2941207885742
73
97.7647094726562
39.529411315918
19
28.235294342041
37.8235282897949
40.470588684082
42.6470603942871
32
21.294116973877
21.5882358551025
15.8235292434692
15.3529415130615
15.764705657959
21.3529415130615
31.294116973877
18.1176471710205
20.6470584869385
26
26.5882358551025
31.470588684082
37.4117660522461
39.8235282897949
39.1764717102051
42.4117660522461
34.4117660522461
18.9411773681641
16.9411773681641
19.3529415130615
23.705883026123
23.3529415130615
27.5882358551025
26.4117641448975
30.1764698028564
30.705883026123
28.8823528289795
34.1764717102051
32.4117660522461
33.235294342041
32.4117660522461
34.9411773681641
36.3529396057129
38.4117660522461
33
33.705883026123
36.5882339477539
35.235294342041
36.1176452636719
33.764705657959
47.8823547363281
45.705883026123
43.8235282897949
48.764705657959
52.470588684082
45.705883026123
NA
NA
NA
NA
11.235294342041
13
15.0588235855103
19.235294342041
20.764705657959
24
33.529411315918
46.6470603942871
42.705883026123
40.1176452636719
13.7058820724487
19.1764698028564
28.235294342041
35.6470603942871
41.1764717102051
55.3529396057129
53.470588684082
71.2941207885742
81.3529434204102
89.3529434204102
94.2352905273438
94
123.529411315918
60.294116973877
16.764705657959
27.764705657959
29.764705657959
31.705883026123
44.3529396057129
57.1176452636719
39.5882339477539
16.5882358551025
15.2941179275513
13.7058820724487
16.764705657959
36.3529396057129
15.8235292434692
21.294116973877
24.294116973877
28.294116973877
28.5882358551025
37.9411773681641
38.705883026123
38.4117660522461
45.8235282897949
50.470588684082
18.1764698028564
33.294116973877
20.9411773681641
18.5882358551025
20.764705657959
27.764705657959
27.0588226318359
33.235294342041
35.764705657959
32.1764717102051
34.0588226318359
34.0588226318359
35.5882339477539
37.8823547363281
36.5882339477539
36.470588684082
38.8235282897949
42.294116973877
40.764705657959
44.235294342041
40.5882339477539
41.1764717102051
42.764705657959
39.5882339477539
43.9411773681641
54.1176452636719
49.529411315918
55.294116973877
52.529411315918
50.8823547363281
NA
NA
NA
NA
NA
12.6470584869385
16.5882358551025
17.5882358551025
16.8823528289795
20.8235301971436
29.470588684082
40.4117660522461
21.6470584869385
13.8235292434692
20.470588684082
26.470588684082
30.9411773681641
37.0588226318359
39.470588684082
51.470588684082
63.3529396057129
76.7058792114258
80.9411773681641
99.6470565795898
15.0588235855103
112.882354736328
133.176467895508
140.882354736328
23.1176471710205
24.529411315918
29.1764698028564
21.764705657959
32.1764717102051
40.0588226318359
52.1176452636719
37.5882339477539
21.4117641448975
15.0588235855103
14
17.0588226318359
21.764705657959
24.705883026123
31.1176471710205
28
31.3529415130615
35.8235282897949
37.705883026123
40.4117660522461
45.764705657959
53.764705657959
39.0588226318359
45.529411315918
14.9411764144897
20
24.0588226318359
28.0588226318359
27.9411773681641
34.4117660522461
39.1176452636719
41.705883026123
37.8823547363281
38.9411773681641
41.9411773681641
39.235294342041
40.9411773681641
39.3529396057129
48.8235282897949
44.9411773681641
44.705883026123
42.294116973877
45
41
41.705883026123
47.529411315918
49.1176452636719
41.4117660522461
47.0588226318359
51.3529396057129
53.235294342041
51
NA
NA
NA
NA
NA
13
13.1764707565308
15.9411764144897
17.6470584869385
18.470588684082
21.8823528289795
28.4117641448975
16.705883026123
20.764705657959
23.9411773681641
23.529411315918
29
37.529411315918
43
52.8823547363281
65.4117660522461
75.8823547363281
90.2941207885742
93.9411773681641
126.588233947754
131.70588684082
73.7058792114258
143.176467895508
127.529411315918
24.764705657959
36.6470603942871
23.764705657959
28.8823528289795
34.294116973877
40.470588684082
54.0588226318359
22.3529415130615
30.9411773681641
19.235294342041
20.8235301971436
23.294116973877
24.1764698028564
27.1764698028564
32
31.6470584869385
40.9411773681641
42.1176452636719
48.235294342041
53
53.764705657959
58.8823547363281
29.764705657959
24.470588684082
25.1176471710205
24.8235301971436
29.5882358551025
33.6470603942871
36.235294342041
42.294116973877
41.8235282897949
46.235294342041
41.9411773681641
44.235294342041
40.9411773681641
41.3529396057129
47.0588226318359
45.470588684082
47.764705657959
49.5882339477539
46.0588226318359
45.8235282897949
49.705883026123
48.8235282897949
48.5882339477539
52.1764717102051
49.294116973877
60.3529396057129
55.5882339477539
52
50.8235282897949
NA
NA
NA
NA
NA
14.1176471710205
12
14.9411764144897
15.470588684082
18.3529415130615
12.529411315918
15.4117650985718
18.6470584869385
24.9411773681641
28.8823528289795
27.235294342041
34.3529396057129
42.3529396057129
54.1764717102051
70.0588226318359
77.8823547363281
82.8823547363281
93.2352905273438
97.7058792114258
101.941177368164
112.058822631836
118.470588684082
117.235290527344
112.705879211426
25.5882358551025
39.294116973877
25.764705657959
31.764705657959
29.705883026123
45.764705657959
82.1176452636719
97.6470565795898
24.235294342041
29.1764698028564
22.529411315918
20
22.3529415130615
27.1176471710205
30.6470584869385
35.8235282897949
40.1764717102051
47.6470603942871
53.1764717102051
49.470588684082
41
107.529411315918
19.8823528289795
24.705883026123
27.294116973877
29.1176471710205
33.235294342041
33.3529396057129
35.9411773681641
44.0588226318359
43.8235282897949
45.8823547363281
40
44.9411773681641
47.1764717102051
43.1176452636719
40.1764717102051
45.5882339477539
42.529411315918
49.8823547363281
47
46.6470603942871
45.529411315918
40.235294342041
47.764705657959
50.4117660522461
47.1176452636719
50.470588684082
49.705883026123
49.1176452636719
46.6470603942871
