"x"
NA
NA
NA
NA
389.907653808594
393.664520263672
395.291473388672
405.976715087891
440.008941650391
474.160400390625
483.911560058594
494.356231689453
495.134368896484
607.509887695312
667.677001953125
527.378051757812
641.473022460938
1537.59875488281
1310.11926269531
404.173736572266
411.52685546875
524.761901855469
824.168701171875
1227.29711914062
1238.21423339844
935.351745605469
944.136535644531
947.547241210938
741.97607421875
633.326904296875
620.414184570312
581.570251464844
557.252014160156
589.841857910156
590.373107910156
507.821228027344
450.541931152344
625.187622070312
498.944091796875
633.892822265625
575.934936523438
545.777221679688
483.656860351562
521.248046875
570.368347167969
542.17041015625
516.242919921875
538.995239257812
580.818786621094
609.902648925781
582.005615234375
544.728210449219
547.310607910156
585.993286132812
541.809692382812
565.299499511719
592.697814941406
612.799499511719
657.574096679688
677.280090332031
649.000610351562
648.991333007812
700.981567382812
771.012451171875
942.0654296875
1192.134765625
1056.36743164062
689.079956054688
642.661376953125
632.669128417969
602.463317871094
598.247375488281
593.496215820312
603.224487304688
630.220947265625
640.445739746094
653.14697265625
663.81298828125
679.350158691406
685.83642578125
391.079498291016
384.21337890625
374.437133789062
385.480621337891
373.433074951172
357.349456787109
367.8544921875
379.670593261719
403.317779541016
467.512512207031
478.882537841797
487.377960205078
507.638092041016
596.029602050781
657.484436035156
722.081848144531
782.420166015625
946.71337890625
1507.86267089844
735.778503417969
387.385131835938
540.714538574219
846.058532714844
1474.04370117188
1563.98181152344
1109.7607421875
836.715698242188
587.053588867188
798.135803222656
1065.50122070312
1135.35888671875
776.564147949219
580.182373046875
556.332397460938
493.0478515625
404.263275146484
464.185272216797
321.262390136719
408.685424804688
599.226013183594
468.328033447266
401.904327392578
427.652679443359
454.241424560547
469.807678222656
454.261474609375
458.749969482422
460.018676757812
510.944641113281
499.107818603516
533.105712890625
566.5927734375
568.477172851562
555.827453613281
536.054748535156
549.949523925781
562.00830078125
584.241577148438
581.324340820312
615.338134765625
678.241027832031
684.882873535156
732.497924804688
773.277954101562
656.64794921875
885.540466308594
779.675354003906
944.538513183594
801.151733398438
594.066833496094
816.838562011719
658.15771484375
693.436706542969
673.75830078125
714.711303710938
717.520935058594
723.399230957031
730.397033691406
738.491271972656
746.666687011719
381.240203857422
360.281463623047
356.597595214844
353.629730224609
347.383056640625
331.169342041016
340.426452636719
354.584136962891
362.679779052734
413.139862060547
469.973480224609
491.986541748047
565.212829589844
595.315612792969
663.279541015625
729.121765136719
918.946533203125
1227.45446777344
1371.53576660156
947.783630371094
1023.81628417969
1053.10485839844
813.151550292969
629.09423828125
518.892639160156
512.372375488281
524.919982910156
854.767272949219
957.39990234375
544.065612792969
663.640502929688
1079.40856933594
988.930480957031
655.710571289062
558.256713867188
430.757873535156
360.232757568359
468.572082519531
476.386749267578
351.354187011719
341.084533691406
373.492919921875
384.450653076172
378.650604248047
390.113647460938
423.447052001953
404.181976318359
421.118988037109
467.687194824219
505.665283203125
522.338012695312
554.611145019531
588.683166503906
570.940551757812
567.838623046875
538.975646972656
518.701293945312
540.963989257812
564.986999511719
579.89599609375
648.125305175781
750.232971191406
754.308959960938
713.295837402344
630.769836425781
889.276062011719
666.551879882812
614.161987304688
756.515380859375
696.2529296875
638.678833007812
735.036865234375
726.373901367188
735.10546875
725.012451171875
747.011291503906
749.586364746094
776.717590332031
784.848327636719
797.0830078125
423.268768310547
394.232574462891
388.695220947266
329.252624511719
326.935882568359
312.677062988281
314.728851318359
326.015808105469
357.754455566406
399.991271972656
464.750244140625
563.549743652344
659.966613769531
757.972900390625
725.356567382812
826.004211425781
1140.2998046875
1272.31066894531
933.589538574219
527.884399414062
457.901123046875
397.019622802734
424.653442382812
349.451812744141
329.591918945312
488.474792480469
584.53125
684.212829589844
614.560852050781
483.718841552734
536.1201171875
700.695251464844
820.679504394531
944.223083496094
1068.65600585938
781.826721191406
410.969848632812
354.839447021484
363.615081787109
395.060974121094
451.778015136719
420.546661376953
396.657440185547
382.647888183594
363.814880371094
392.200164794922
414.821594238281
430.431243896484
430.948486328125
445.554290771484
492.428649902344
516.26611328125
510.0244140625
542.250061035156
555.828857421875
556.003845214844
518.984741210938
524.043029785156
527.946472167969
599.117065429688
656.941345214844
645.374633789062
763.584350585938
866.895202636719
706.088928222656
926.81005859375
788.784423828125
667.286193847656
719.522705078125
876.902465820312
812.16796875
715.542846679688
787.133972167969
897.437255859375
757.494506835938
764.792663574219
787.924987792969
803.424377441406
835.177673339844
852.49951171875
381.605865478516
399.528930664062
413.849182128906
365.361999511719
369.625549316406
353.837097167969
337.168518066406
328.415802001953
336.624206542969
398.442962646484
464.058380126953
599.406127929688
931.704406738281
1232.91064453125
703.564025878906
603.123229980469
781.976745605469
638.143127441406
526.050537109375
433.9990234375
531.875610351562
420.177215576172
254.046508789062
217.146087646484
254.675308227539
382.993133544922
482.220092773438
588.548461914062
415.009063720703
459.787261962891
562.735717773438
573.234619140625
539.39404296875
550.01171875
461.89013671875
319.921447753906
334.6806640625
465.572814941406
515.51025390625
598.956420898438
574.820007324219
517.496459960938
415.361633300781
363.320770263672
362.996276855469
362.532745361328
352.174163818359
379.091156005859
392.581359863281
413.210174560547
447.798675537109
483.529022216797
533.609375
584.508911132812
570.017883300781
541.5263671875
513.994262695312
519.186889648438
538.041809082031
589.075805664062
697.701965332031
785.715148925781
766.046936035156
859.950500488281
711.873168945312
714.542785644531
722.197814941406
772.676696777344
823.675354003906
654.022216796875
843.03369140625
723.089904785156
717.908996582031
1038.375
797.202392578125
784.720642089844
812.929809570312
846.838256835938
862.871032714844
881.084045410156
340.044708251953
360.006103515625
393.637756347656
393.697082519531
376.998931884766
394.808532714844
334.498229980469
308.190246582031
332.373382568359
368.197357177734
434.308013916016
487.600616455078
490.785217285156
588.014038085938
959.561218261719
1006.35339355469
751.384826660156
379.534576416016
234.928375244141
265.950744628906
356.083648681641
393.673156738281
257.097076416016
177.344772338867
256.726684570312
259.169189453125
305.056396484375
310.348358154297
340.384674072266
396.196746826172
449.479644775391
459.9765625
492.267700195312
488.329956054688
439.904327392578
368.330322265625
424.884216308594
577.616271972656
583.748657226562
555.036560058594
413.100006103516
396.275146484375
366.246459960938
359.986022949219
345.413879394531
342.587158203125
320.986206054688
310.968078613281
350.593444824219
387.921081542969
437.686248779297
500.822601318359
531.299011230469
549.781372070312
535.574340820312
542.593933105469
533.497131347656
567.960571289062
601.738525390625
619.551452636719
708.726989746094
682.221740722656
668.087768554688
829.914245605469
867.77587890625
774.032653808594
793.701293945312
1036.88244628906
755.724975585938
749.355895996094
928.868103027344
752.225952148438
771.432434082031
861.018005371094
861.361267089844
832.284912109375
868.896667480469
903.932495117188
933.384704589844
956.5283203125
348.089752197266
353.130737304688
364.549041748047
374.772155761719
357.566131591797
309.236206054688
321.395294189453
314.646392822266
339.718353271484
271.722229003906
363.779937744141
442.957061767578
524.852966308594
455.787017822266
510.011352539062
592.369079589844
692.040161132812
689.313232421875
272.528106689453
200.609771728516
298.790832519531
354.271545410156
177.604080200195
105.362442016602
130.600021362305
194.124923706055
251.249481201172
344.447265625
378.966278076172
390.611572265625
464.777557373047
480.734008789062
437.539611816406
418.271301269531
362.235076904297
370.090881347656
405.432922363281
435.519683837891
384.305755615234
387.045471191406
379.193298339844
363.190826416016
345.65673828125
332.590026855469
315.232513427734
276.292236328125
289.558807373047
307.368347167969
363.560760498047
437.421112060547
491.453338623047
488.026306152344
521.623413085938
491.094909667969
474.271453857422
508.581237792969
582.354858398438
584.62548828125
615.061584472656
596.357971191406
649.401977539062
690.412109375
741.102233886719
738.123168945312
710.60498046875
770.344543457031
1000.46405029297
903.162231445312
627.892456054688
828.603820800781
954.749694824219
848.5595703125
938.363525390625
843.968627929688
839.440551757812
876.355651855469
914.711975097656
953.745483398438
993.215454101562
1021.77600097656
318.334625244141
333.566864013672
295.472381591797
254.836532592773
261.942352294922
259.40771484375
271.08642578125
250.786193847656
259.911499023438
366.552307128906
482.451354980469
437.151397705078
276.492767333984
307.93359375
399.918823242188
359.182495117188
288.093872070312
315.455627441406
432.300689697266
522.379272460938
243.072418212891
329.949096679688
271.767395019531
170.529907226562
111.371826171875
136.571502685547
219.75666809082
245.20068359375
254.577194213867
339.569702148438
527.067504882812
548.218017578125
464.7490234375
420.318206787109
363.368408203125
282.354248046875
295.052124023438
304.586791992188
324.056488037109
323.255249023438
325.709869384766
343.3876953125
337.046661376953
325.275665283203
296.870025634766
283.229858398438
294.65478515625
343.499176025391
393.447906494141
489.742126464844
446.797302246094
521.951110839844
503.816040039062
449.332183837891
453.965393066406
487.932067871094
555.691040039062
633.131408691406
641.99462890625
604.532104492188
647.519348144531
646.295043945312
635.614562988281
675.712280273438
730.658020019531
842.299987792969
1044.94787597656
681.149780273438
898.0263671875
1016.13342285156
926.5771484375
900.894714355469
1067.4609375
849.607666015625
886.144165039062
944.544616699219
981.371337890625
1007.39935302734
1059.83178710938
1090.05505371094
248.803695678711
256.562133789062
230.198043823242
206.105026245117
179.72770690918
189.283309936523
204.937423706055
214.286514282227
244.251388549805
291.687194824219
374.740447998047
453.292510986328
429.446258544922
463.611053466797
274.397277832031
211.706207275391
262.160583496094
217.612655639648
203.638214111328
214.587127685547
223.523956298828
169.380645751953
178.798400878906
261.207092285156
124.863342285156
116.275733947754
138.614151000977
143.059722900391
176.855926513672
249.950912475586
348.284545898438
411.5712890625
349.509735107422
244.473663330078
212.520172119141
228.44352722168
227.020156860352
242.805313110352
236.422744750977
238.715484619141
242.173599243164
246.366012573242
252.067245483398
286.487640380859
298.515319824219
316.371185302734
339.678253173828
357.236480712891
381.155303955078
407.614532470703
492.172546386719
482.520202636719
457.385620117188
449.733459472656
434.463836669922
476.581329345703
547.080139160156
662.546081542969
710.823669433594
652.456726074219
653.125793457031
632.611755371094
646.578491210938
666.530151367188
761.898315429688
966.081604003906
776.92333984375
758
1125.56567382812
999.365356445312
1027.70471191406
1093.84130859375
998.665466308594
947.43505859375
944.0361328125
996.086364746094
1039.10021972656
1085.70788574219
1139.46875
1169.62548828125
237.253433227539
243.62272644043
222.378372192383
173.617523193359
200.189712524414
202.200286865234
227.153121948242
278.882171630859
387.096618652344
506.034484863281
671.503723144531
411.962341308594
378.281829833984
351.637878417969
309.30615234375
209.700241088867
181.038284301758
175.052795410156
170.966598510742
155.909072875977
110.896308898926
63.107738494873
75.7135543823242
78.4639663696289
78.5338592529297
85.3272399902344
88.2087326049805
103.261215209961
117.313903808594
105.751609802246
122.412788391113
168.459564208984
171.212814331055
150.573211669922
142.881057739258
148.057708740234
135.534973144531
149.01774597168
142.730453491211
157.073791503906
165.109664916992
187.508483886719
217.546737670898
273.56640625
297.294708251953
299.429931640625
304.144805908203
328.555725097656
398.395233154297
383.365997314453
427.726501464844
446.711944580078
417.295196533203
417.093170166016
452.507507324219
504.969909667969
610.901489257812
636.869079589844
755.377624511719
664.751403808594
642.25
666.995178222656
646.268005371094
791.588073730469
877.165710449219
807.76904296875
741.761840820312
1015.77966308594
988.273559570312
1007.36755371094
1095.63061523438
1261.05871582031
1059.16613769531
990.245727539062
979.522521972656
1035.859375
1072.9814453125
1132.36791992188
1175.07934570312
1222.9169921875
262.0087890625
256.742004394531
271.375
268.434234619141
270.435852050781
310.502990722656
341.7666015625
408.892242431641
631.547912597656
452.012054443359
540.8681640625
559.858642578125
567.343444824219
527.348083496094
597.917358398438
453.376159667969
320.478149414062
263.575378417969
255.150848388672
194.517868041992
188.175888061523
127.750129699707
57.1164894104004
54.62744140625
62.0071449279785
38.7667961120605
43.9282455444336
48.6156616210938
62.5171546936035
69.6051483154297
70.3446273803711
75.1839294433594
90.7904510498047
92.8412017822266
99.3027191162109
106.521697998047
108.171936035156
111.414878845215
108.960060119629
106.858474731445
132.466567993164
155.471481323242
212.431198120117
252.874053955078
300.985290527344
328.587707519531
378.106170654297
420.060607910156
402.377990722656
440.890014648438
432.786590576172
401.366790771484
422.489593505859
459.679718017578
515.036376953125
606.252624511719
706.412414550781
876.978820800781
634.341003417969
671.738159179688
659.996704101562
725.387878417969
771.547180175781
901.5146484375
778.423461914062
826.556884765625
1013.13391113281
929.923156738281
957.489562988281
1064.69860839844
1256.41943359375
1411.0810546875
1233.69946289062
984.904052734375
871.601989746094
975.650268554688
1102.04040527344
1211.33093261719
1240.71252441406
1289.71374511719
354.478454589844
400.267852783203
464.641479492188
562.430236816406
604.381774902344
552.033203125
662.723937988281
646.59912109375
483.170593261719
429.389221191406
385.369293212891
479.813293457031
833.744750976562
1086.66455078125
688.083374023438
760.594299316406
958.618957519531
504.717010498047
169.4189453125
207.667984008789
105.608047485352
57.4124946594238
70.8714218139648
110.030952453613
59.6996841430664
70.0013732910156
94.6324081420898
31.4886741638184
34.9724044799805
40.8088569641113
55.9075164794922
66.9781951904297
79.5655975341797
96.1150207519531
110.974670410156
108.393783569336
107.83846282959
104.424827575684
107.39501953125
139.974792480469
154.763061523438
158.320770263672
209.474136352539
256.923767089844
302.742614746094
364.918914794922
421.649169921875
422.712860107422
438.917327880859
419.603912353516
411.660919189453
429.259552001953
481.330139160156
543.294738769531
632.242797851562
702.088989257812
804.376892089844
829.588623046875
749.577514648438
697.953918457031
653.496826171875
818.303405761719
794.191711425781
750.826721191406
912.555419921875
973.160095214844
881.619262695312
935.605773925781
1047.03137207031
1206.65368652344
1320.97131347656
1255.82458496094
1451.87365722656
1037.8876953125
1159.82971191406
1178.98364257812
1180.71264648438
1254.49548339844
1322.04284667969
1362.64184570312
633.514526367188
840.44775390625
889.221130371094
854.053466796875
894.109069824219
831.030822753906
515.315673828125
804.27880859375
819.608581542969
865.603393554688
968.657104492188
732.286437988281
601.692504882812
553.457580566406
416.98828125
368.078918457031
420.731842041016
354.779022216797
92.636962890625
71.1631317138672
53.758975982666
33.2567253112793
29.1976490020752
36.170955657959
57.6468505859375
60.8554191589355
45.8398208618164
38.2914924621582
36.2589225769043
40.4769515991211
44.8866119384766
50.0584564208984
62.536434173584
75.9729919433594
92.0429763793945
96.7354431152344
95.7594299316406
117.979469299316
154.285125732422
182.54541015625
197.428314208984
231.370697021484
276.551025390625
341.564453125
393.350280761719
447.190612792969
504.7822265625
472.008514404297
484.479400634766
495.425445556641
498.427673339844
529.277465820312
595.583679199219
658.73095703125
754.952941894531
779.096923828125
934.723022460938
999.796508789062
854.549438476562
734.3544921875
944.183044433594
747.806091308594
793.405883789062
883.393432617188
886.10595703125
840.007934570312
880.221008300781
989.631530761719
1113.31518554688
1360.07971191406
1525.10620117188
1400.55700683594
1655.98229980469
1502.97131347656
1181.66088867188
1258.77624511719
1336.65893554688
1436.92297363281
1486.71142578125
1535.42370605469
849.168273925781
1087.48901367188
1113.93896484375
874.177673339844
461.078521728516
499.392852783203
576.701843261719
521.896484375
703.429260253906
638.749877929688
478.741516113281
267.839721679688
162.581405639648
134.242874145508
114.523818969727
101.647872924805
113.45174407959
98.5866546630859
68.8339004516602
48.0085487365723
36.4924011230469
24.0222301483154
24.1347770690918
27.7174873352051
39.6918563842773
51.4338188171387
72.1387939453125
71.6943206787109
61.3218803405762
56.4353523254395
59.1061859130859
59.9610137939453
68.6914367675781
76.3536987304688
83.3687286376953
92.0447616577148
123.267219543457
175.299072265625
225.295700073242
280.907867431641
326.504913330078
369.631256103516
387.874298095703
428.009338378906
459.851196289062
473.797821044922
567.572814941406
651.903015136719
570.020751953125
580.867614746094
611.739440917969
648.257446289062
696.191345214844
799.980834960938
779.698425292969
890.158264160156
1023.11907958984
1028.79455566406
693.767211914062
846.878173828125
721.51953125
706.245544433594
762.233154296875
794.309265136719
843.614807128906
885.997802734375
915.545349121094
1014.21417236328
1106.916015625
1364.67175292969
1379.44946289062
1273.44738769531
1373.77111816406
1375.91723632812
1348.77233886719
1432.4541015625
1501.73828125
1561.05224609375
1590.33483886719
1584.49755859375
546.776977539062
531.363220214844
799.826293945312
1059.689453125
500.28759765625
416.073791503906
498.462890625
465.192718505859
344.518493652344
162.054168701172
135.161392211914
89.2703399658203
71.0774536132812
68.2059860229492
53.0947608947754
47.2166633605957
46.4913368225098
39.110164642334
34.0031204223633
28.341365814209
21.2410335540771
18.4890098571777
19.9993877410889
29.6059055328369
36.4772911071777
60.2702369689941
82.2231292724609
86.8620910644531
85.8945846557617
80.2745742797852
84.4133148193359
86.1981506347656
106.415870666504
110.964530944824
118.792366027832
125.927963256836
149.509536743164
207.180191040039
262.222747802734
338.786254882812
410.909393310547
476.477111816406
496.960571289062
508.181915283203
508.82568359375
537.922424316406
736.569519042969
634.478393554688
653.519226074219
586.021301269531
677.181030273438
676.760192871094
698.338500976562
815.099731445312
1087.47204589844
1031.0126953125
1022.85736083984
822.281677246094
984.266906738281
891.458251953125
792.418884277344
787.640930175781
835.89892578125
871.951293945312
901.957458496094
944.731384277344
1004.10028076172
1067.15734863281
1168.38354492188
1505.74645996094
1540.31262207031
1153.31188964844
1172.77819824219
1428.29052734375
1542.67102050781
1585.3125
1643.53234863281
1680.82385253906
1772.72326660156
1864.84680175781
796.742431640625
647.170227050781
579.794494628906
439.912353515625
472.139495849609
451.834747314453
222.312637329102
139.208770751953
103.466896057129
92.2319107055664
59.6767234802246
50.8025550842285
37.5402984619141
32.0197067260742
27.6441612243652
23.8406047821045
24.1004829406738
26.0537090301514
28.2549591064453
32.0681457519531
42.1802597045898
43.1411590576172
51.3206672668457
65.7747116088867
104.89037322998
133.799591064453
167.486968994141
244.517868041992
279.574920654297
201.583786010742
150.113861083984
137.42529296875
124.532737731934
128.651000976562
142.497482299805
175.592498779297
200.764068603516
247.445297241211
326.895751953125
365.20458984375
426.153839111328
487.620941162109
501.829956054688
525.722839355469
580.734741210938
662.158142089844
585.18408203125
592.679748535156
570.8349609375
592.781311035156
613.905395507812
624.0390625
725.760864257812
770.959106445312
902.292907714844
1111.19299316406
1090.16638183594
1123.91516113281
1029.27856445312
1024.86352539062
936.156799316406
948.978698730469
987.956115722656
1053.33129882812
1104.478515625
1118.33068847656
1192.23071289062
1286.83483886719
1383.34582519531
1829.88940429688
1943.41186523438
1342.95629882812
1233.71081542969
1386.03332519531
1585.9892578125
1755.564453125
1841.19702148438
1953.21997070312
2050.70483398438
2073.70971679688
1359.80639648438
901.60107421875
393.647552490234
232.418441772461
349.649597167969
764.232666015625
352.346130371094
137.732772827148
84.2025833129883
59.1396217346191
37.2119674682617
26.9107837677002
24.4732551574707
23.4143199920654
23.6136264801025
30.4139041900635
57.1180839538574
110.919380187988
163.865661621094
95.8542175292969
53.170597076416
29.9421195983887
29.6793251037598
31.3231372833252
59.6806716918945
167.72119140625
257.7265625
462.544067382812
570.419189453125
690.748474121094
517.889343261719
313.351470947266
189.653900146484
163.469543457031
180.887344360352
214.637390136719
283.604248046875
321.449645996094
376.400451660156
394.090850830078
510.046356201172
558.596496582031
593.373413085938
643.767761230469
690.113403320312
536.170471191406
551.979431152344
562.333801269531
526.708679199219
539.049682617188
567.887329101562
570.54736328125
632.011169433594
711.645263671875
758.823669433594
845.600891113281
1105.16259765625
997.9033203125
1154.30541992188
913.162109375
1010.45269775391
1024.83740234375
1112.259765625
1245.138671875
1346.24987792969
1414.43078613281
1489.08569335938
1570.10925292969
1706.39709472656
1965.59509277344
1461.10717773438
1422.95056152344
1373.48010253906
1569.66381835938
1772.43322753906
1865.662109375
1991.22351074219
2022.92639160156
2081.50708007812
2119.5810546875
879.358276367188
793.684448242188
320.064910888672
190.076431274414
285.234375
440.403533935547
536.7353515625
309.535705566406
146.002319335938
72.7331771850586
43.2953987121582
33.7814102172852
31.330846786499
39.9813613891602
72.4243316650391
168.198257446289
213.418441772461
206.477066040039
175.477005004883
130.993347167969
158.946105957031
170.60466003418
62.3303985595703
41.2175102233887
56.043384552002
96.0017166137695
210.127075195312
395.817291259766
551.51708984375
820.983154296875
817.211181640625
810.421630859375
571.731811523438
345.161163330078
262.021331787109
279.415954589844
323.997833251953
376.702850341797
429.487609863281
481.249237060547
533.661010742188
576.782653808594
611.614807128906
555.453979492188
646.660583496094
546.114196777344
551.202819824219
554.296630859375
563.411315917969
509.586639404297
563.913330078125
576.152404785156
615.067260742188
657.201538085938
732.541198730469
821.551635742188
993.281860351562
1220.59020996094
889.874816894531
991.47900390625
960.212036132812
1061.876953125
1225.17419433594
1437.5263671875
1603.00122070312
1742.06079101562
1989.80065917969
2180.1923828125
2193.3896484375
1962.42309570312
1445.69458007812
1449.93383789062
1573.30493164062
1797.57141113281
1919.84313964844
2044.21459960938
2089.53979492188
2163.4296875
2281.064453125
2317.9970703125
648.99755859375
492.658813476562
506.632751464844
700.1513671875
733.465393066406
322.047729492188
473.052276611328
288.283966064453
410.782257080078
422.001617431641
250.634582519531
236.826522827148
253.267715454102
275.795471191406
184.492523193359
163.020889282227
207.670028686523
313.807891845703
329.993133544922
364.737884521484
414.367645263672
374.370574951172
232.568862915039
163.426528930664
121.364120483398
116.277267456055
113.180145263672
209.896270751953
441.554809570312
512.867919921875
518.895935058594
624.667907714844
643.563354492188
381.620910644531
345.384735107422
420.974090576172
447.866668701172
518.672912597656
565.129028320312
596.140625
571.593566894531
649.563720703125
622.871887207031
609.735168457031
600.726928710938
545.567199707031
587.927734375
564.771362304688
590.073425292969
615.904418945312
666.836059570312
614.299255371094
648.904418945312
705.852233886719
797.204772949219
850.190795898438
1055.96350097656
991.071044921875
921.043273925781
1003.79730224609
1051.3037109375
1245.14318847656
1404.61840820312
1536.74572753906
1755.60534667969
1932.50256347656
2236.96875
1909.017578125
1149.06750488281
1807.96496582031
1638.83764648438
1531.49206542969
1797.39807128906
2064.8515625
2205.39135742188
2274.46240234375
2267.02807617188
2336.46118164062
2401.24267578125
2440.01245117188
498.288604736328
968.436462402344
986.928283691406
867.640563964844
774.366516113281
830.498901367188
561.001708984375
203.55451965332
230.3095703125
179.559341430664
383.062347412109
505.150482177734
317.947814941406
180.743957519531
188.786254882812
284.178802490234
321.903198242188
338.590667724609
401.266662597656
465.538330078125
485.406341552734
483.362030029297
399.209869384766
314.873321533203
343.793487548828
342.585357666016
381.714752197266
409.070129394531
448.176452636719
645.525817871094
684.225646972656
599.423217773438
657.809326171875
590.639953613281
480.728393554688
527.499450683594
578.171752929688
630.103088378906
592.969116210938
652.627319335938
674.442626953125
616.905456542969
650.805908203125
631.752563476562
548.339233398438
596.124816894531
618.220092773438
610.847900390625
664.018432617188
645.036987304688
587.512939453125
622.055847167969
655.209228515625
715.78271484375
783.234313964844
828.335510253906
1027.49658203125
994.989013671875
1132.32861328125
1283.97741699219
1320.67346191406
1412.16235351562
1577.19641113281
1534.77294921875
1606.55639648438
1600.9033203125
2189.4755859375
2652.896484375
2032.54138183594
1897.27258300781
1668.30932617188
1883.52856445312
2267.38842773438
2494.58959960938
2516.33154296875
2511.38940429688
2447.07861328125
2421.8046875
2492.30224609375
2609.99438476562
552.921813964844
895.257446289062
1227.78723144531
1198.47058105469
1482.16186523438
891.96435546875
428.583251953125
267.494384765625
270.926971435547
242.132339477539
358.230651855469
315.272705078125
282.3662109375
262.483551025391
292.803741455078
367.108581542969
412.5673828125
394.510528564453
450.694549560547
499.802337646484
611.402465820312
583.234985351562
493.328857421875
486.135833740234
568.132873535156
610.484802246094
616.713439941406
631.220886230469
661.435791015625
789.1298828125
905.763671875
750.087951660156
582.602355957031
639.441162109375
627.191162109375
653.484313964844
738.271728515625
735.656555175781
701.753540039062
677.589294433594
643.242980957031
644.496459960938
713.881469726562
650.865539550781
677.851257324219
678.285705566406
668.102172851562
656.943237304688
674.002014160156
679.579956054688
640.675659179688
683.98095703125
710.208251953125
775.876281738281
821.838684082031
911.368835449219
1173.708984375
1229.869140625
1266.38061523438
1437.10852050781
1513.18420410156
1568.44396972656
1491.85144042969
1269.08520507812
1125.67248535156
1463.15246582031
2028.22888183594
1835.39318847656
2168.12841796875
1951.38415527344
2101.95043945312
2367.400390625
2450.90600585938
2505.23388671875
2541.80297851562
2559.66015625
2566.18188476562
2610.05053710938
2575.70483398438
2585.67456054688
675.407470703125
677.916870117188
852.907470703125
1135.30786132812
1166.12353515625
1369.05847167969
527.271301269531
154.289291381836
194.727783203125
248.263458251953
269.807434082031
262.311859130859
249.280227661133
271.719848632812
312.339172363281
360.541839599609
379.345428466797
415.775726318359
469.251373291016
558.781188964844
594.539794921875
699.376647949219
734.420654296875
640.212219238281
773.400268554688
871.778442382812
893.489196777344
806.593505859375
733.788757324219
912.411499023438
896.6953125
986.018493652344
671.583312988281
676.52685546875
941.172546386719
838.482849121094
956.457275390625
1045.71228027344
905.523010253906
827.202392578125
862.145568847656
786.314697265625
856.65283203125
800.785705566406
743.773986816406
745.94580078125
765.855834960938
761.208862304688
736.388610839844
778.306640625
767.675109863281
719.401794433594
742.276306152344
797.907348632812
904.229309082031
1022.2841796875
1196.87280273438
1338.25048828125
1424.00158691406
1529.19030761719
1572.18005371094
1395.14599609375
1546.53149414062
2387.88427734375
2135.1171875
2192.41552734375
2047.56823730469
2253.71801757812
2355.6162109375
2416.85180664062
2393.20166015625
2409.54345703125
2403.64038085938
2464.85913085938
2468.048828125
2467.921875
2515.3271484375
2530.25634765625
2482.80541992188
2486.2333984375
695.358581542969
539.587280273438
582.41357421875
626.62060546875
858.179016113281
1567.7451171875
1294.96044921875
489.099060058594
328.467834472656
259.208465576172
259.974334716797
281.268798828125
291.825622558594
330.209869384766
364.219451904297
397.434417724609
432.859527587891
437.476348876953
481.553894042969
526.410949707031
601.500244140625
744.101623535156
845.968566894531
892.857727050781
944.489440917969
1139.70056152344
1063.70068359375
1198.52233886719
1134.4599609375
1032.67211914062
1067.02880859375
1166.060546875
1022.13842773438
930.507019042969
1338.60974121094
1348.46765136719
1244.84729003906
1261.88171386719
1175.83410644531
949.186340332031
860.762512207031
937.431091308594
817.899719238281
755.1220703125
801.570129394531
817.8759765625
786.603393554688
818.410522460938
873.987854003906
880.132141113281
888.492431640625
790.674133300781
841.209716796875
919.872985839844
1034.75817871094
1187.58520507812
1374.58911132812
1559.91235351562
1644.75793457031
1740.29699707031
1948.84326171875
2012.75463867188
1559.55603027344
1974.54382324219
2283.08715820312
2451.82470703125
2409.0107421875
2464.34741210938
2515.30029296875
2466.58374023438
2439.38916015625
2372.1826171875
2373.72778320312
2317.44702148438
2402.19482421875
2390.92138671875
2378.36645507812
2360.4326171875
2385.08813476562
2395.95092773438
436.284484863281
363.857330322266
391.772369384766
430.538818359375
541.781005859375
835.040710449219
1494.5595703125
1545.41772460938
609.336364746094
215.074447631836
347.873291015625
338.658752441406
387.580139160156
462.411895751953
459.979370117188
449.965454101562
526.890197753906
541.555480957031
616.15234375
572.440551757812
671.936706542969
841.979675292969
986.702880859375
1232.53430175781
1395.6845703125
1160.44921875
1147.13696289062
1228.44079589844
1413.58190917969
1197.39172363281
1271.53393554688
1290.640625
1150.224609375
1276.75634765625
1311.14855957031
1021.36755371094
1202.8212890625
1342.96459960938
1678.46838378906
1280.90124511719
1029.59497070312
931.992431640625
995.711181640625
935.398193359375
1002.07733154297
948.77099609375
1054.18798828125
984.701538085938
1068.75256347656
1071.55834960938
1013.49163818359
1049.861328125
918.257385253906
1046.46032714844
1205.09106445312
1349.06323242188
1481.50158691406
1697.46020507812
1869.62365722656
1929.31103515625
2247.0087890625
1573.64965820312
2224.98461914062
2336.5693359375
2271.75244140625
2209.01635742188
2230.9375
2319.375
2341.48291015625
2341.33959960938
2260.65234375
2193.24658203125
2232.63134765625
2216.0205078125
2230.14208984375
2199.34838867188
2170.3388671875
2164.10107421875
2200.99072265625
2141.59838867188
323.073699951172
276.014312744141
308.674713134766
339.724700927734
435.613525390625
571.116027832031
827.491577148438
1637.13354492188
1972.21813964844
1617.33947753906
503.458190917969
430.379699707031
582.844360351562
505.351470947266
499.860443115234
568.843078613281
644.222106933594
653.761291503906
694.828979492188
645.545349121094
911.552978515625
947.277648925781
963.106323242188
1296.1787109375
1467.15649414062
946.753967285156
1028.90405273438
1050.93273925781
1245.86730957031
1079.12719726562
1373.01721191406
1206.43591308594
1302.16320800781
1451.31335449219
928.11865234375
1047.45446777344
1228.13940429688
1458.86535644531
1472.96862792969
1408.81408691406
1131.08862304688
1161.6357421875
1021.12536621094
1113.63891601562
1152.0380859375
1346.13415527344
1363.91931152344
1319.60302734375
1305.36206054688
1356.03259277344
1296.49060058594
1071.96960449219
1041.63537597656
1202.55395507812
1330.90966796875
1466.11022949219
1557.10998535156
1779.27453613281
2068.46118164062
2159.22485351562
2122.61645507812
2232.63037109375
2277.3369140625
2192.78955078125
2084.29052734375
2026.42980957031
2013.85632324219
2033.07006835938
2009.91174316406
1988.97204589844
1996.90417480469
1982.67529296875
1963.80895996094
1945.55725097656
1965.41284179688
2002.87707519531
2029.8017578125
2043.1240234375
2022.13671875
2018.40380859375
240.184371948242
235.983444213867
239.680847167969
253.500427246094
336.972473144531
502.47412109375
652.77294921875
989.057495117188
1510.60314941406
1876.6357421875
2507.12426757812
1997.8876953125
983.085327148438
438.523742675781
621.208435058594
769.737487792969
651.733520507812
852.107666015625
943.347106933594
758.047729492188
991.281677246094
924.214172363281
1040.16845703125
1320.52514648438
1743.60693359375
2854.45068359375
1022.37976074219
1069.03698730469
1192.54113769531
1274.62194824219
1151.41687011719
1128.19567871094
1929.57775878906
2029.92761230469
1145.70385742188
1302.85388183594
1493.92224121094
1518.23864746094
1736.63793945312
1925.58825683594
1568.34350585938
1383.48950195312
1260.43640136719
1361.89025878906
1311.68859863281
1391.52648925781
1573.14685058594
1801.14086914062
1577.2841796875
1444.4267578125
1373.20690917969
1457.68115234375
1192.59716796875
1374.12573242188
1472.23205566406
1548.87158203125
1701.22277832031
1954.43957519531
2230.07763671875
2282.72924804688
2240.41870117188
2192.17431640625
2094.96484375
1998.12609863281
1942.99645996094
1884.99938964844
1823.13732910156
1795.04870605469
1767.54260253906
1758.75805664062
1792.40344238281
1843.17321777344
1855.86840820312
1848.56787109375
1858.09045410156
1867.60998535156
1902.08312988281
1944.22131347656
1954.2724609375
1942.75231933594
174.080444335938
182.957183837891
184.173263549805
226.207458496094
326.778106689453
478.922241210938
643.982604980469
860.097778320312
1113.12341308594
1675.68786621094
2263.12890625
2549.06762695312
2162.19653320312
1950.08117675781
1848.59887695312
628.851196289062
408.380706787109
407.021270751953
412.718353271484
402.802337646484
592.638916015625
443.475006103516
970.104675292969
3023.11669921875
5848.92529296875
7740.22509765625
5113.65869140625
1943.61022949219
1603.49084472656
1207.96789550781
1420.43090820312
1568.92517089844
1615.48291015625
1671.76940917969
1815.75036621094
2160.28295898438
1746.57409667969
1772.66931152344
1729.51220703125
1818.81652832031
1631.07690429688
1664.1337890625
1520.94787597656
1580.65710449219
1755.64343261719
1733.66796875
1848.47705078125
1939.37512207031
1754.9130859375
1614.78576660156
1469.26538085938
1522.81237792969
1431.97692871094
1544.86535644531
1555.92138671875
1607.4892578125
1762.94006347656
2068.33081054688
2008.21118164062
1959.55078125
2019.14562988281
1997.83666992188
1944.70349121094
1834.70434570312
1830.27380371094
1726.98889160156
1700.12280273438
1690.26318359375
1672.38610839844
1698.06433105469
1759.86926269531
1744.81323242188
1743.07897949219
1774.89050292969
1782.07531738281
1793.79724121094
1820.60302734375
1856.93493652344
1886.68041992188
1951.24230957031
153.214996337891
160.342224121094
191.904541015625
254.060729980469
405.321441650391
458.479034423828
717.712768554688
898.7802734375
1069.05529785156
1268.94958496094
1499.81762695312
1613.83752441406
1753.28601074219
2286.80004882812
2835.32983398438
3413.88110351562
2721.64892578125
2699.41235351562
2232.17578125
1754.64111328125
2515.0537109375
2847.76879882812
2971.951171875
4915.72314453125
8747.904296875
7355.94140625
5837.39697265625
7015.2080078125
5905.466796875
1892.04638671875
1846.94396972656
1681.70434570312
1496.46472167969
1500.08752441406
1601.798828125
1497.97424316406
1699.97009277344
1582.75280761719
1686.11950683594
1863.39929199219
1680.21459960938
1616.69653320312
1632.88171386719
1768.10070800781
1841.19970703125
1797.16125488281
1984.01782226562
1957.09594726562
1986.12561035156
1580.05053710938
1578.87097167969
1487.39416503906
1631.69543457031
1617.47766113281
1578.97778320312
1627.58862304688
1919.72387695312
1914.84619140625
1815.54833984375
1802.85729980469
1877.32751464844
1780.91101074219
1718.18518066406
1679.51086425781
1659.16088867188
1644.77734375
1682.53991699219
1712.8154296875
1697.84301757812
1694.998046875
1747.63781738281
1691.48937988281
1609.35070800781
1673.25671386719
1722.82141113281
1763.99475097656
1764.73779296875
1775.45190429688
1797.55285644531
1823.55310058594
151.743591308594
174.309478759766
231.899765014648
345.248321533203
395.043548583984
595.136413574219
728.081481933594
928.987609863281
1052.47192382812
1225.96826171875
1323.62902832031
1563.51574707031
1700.86572265625
1809.48620605469
1836.60095214844
2097.88159179688
2242.06591796875
2547.00122070312
4962.64208984375
7324.89794921875
9147.6689453125
7741.3935546875
6626.50830078125
6784.10107421875
5355.7509765625
5518.4150390625
5208.408203125
5595.87890625
4422.453125
1914.35681152344
2079.29028320312
2185.42309570312
1948.27258300781
1512.72717285156
1411.07946777344
1590.46875
1514.28625488281
1692.30993652344
1637.66369628906
1819.44384765625
1562.57861328125
1808.4638671875
1835.64782714844
1687.37121582031
1710.80773925781
1814.1123046875
1942.67639160156
1797.33325195312
1611.44738769531
1810.40405273438
1417.65551757812
1704.04125976562
1653.48059082031
1581.44348144531
1596.75695800781
1797.84387207031
1903.85021972656
1749.55480957031
1702.6201171875
1778.62097167969
1756.69372558594
1637.01977539062
1594.09851074219
1577.54748535156
1622.83374023438
1642.8291015625
1688.26770019531
1699.92749023438
1734.78735351562
1698.36096191406
1662.14282226562
1632.70434570312
1601.05004882812
1656.76831054688
1715.73791503906
1776.23498535156
1774.26086425781
1724.78796386719
1744.3193359375
1738.19750976562
197.920989990234
241.703170776367
305.343902587891
414.913604736328
489.017700195312
666.088500976562
853.572448730469
844.349548339844
1165.26025390625
1305.90771484375
1389.36474609375
1506.00231933594
1609.43933105469
1716.46716308594
1626.99060058594
1675.67248535156
1844.11840820312
2287.86499023438
2665.67260742188
4331.61572265625
5043.83544921875
3131.1484375
3449.97412109375
3332.61303710938
3195.70166015625
4586.9228515625
3792.0556640625
4908.904296875
3120.15991210938
2254.01245117188
1433.06384277344
1690.45373535156
1782.17211914062
1634.23669433594
1476.66796875
1723.66345214844
1571.28283691406
1736.046875
1997.42797851562
2555.25463867188
2522.92431640625
1835.54174804688
1690.91674804688
1658.05395507812
1880.16809082031
1764.1318359375
1730.28051757812
1478.52294921875
1449.63842773438
1442.24145507812
1591.89636230469
1475.86608886719
1349.49255371094
1663.38781738281
1847.43176269531
1843.06311035156
1761.3984375
1711.1748046875
1675.37744140625
1621.97924804688
1565.8193359375
1547.32739257812
1545.15075683594
1559.90832519531
1533.72790527344
1546.0263671875
1604.37365722656
1717.69262695312
1739.16650390625
1760.23510742188
1687.98974609375
1638.5302734375
1614.60827636719
1634.5576171875
1695.04626464844
1739.88854980469
1741.04382324219
1729.64221191406
1779.73327636719
1765.40661621094
NA
NA
508.346557617188
396.152648925781
608.194396972656
612.798889160156
922.711608886719
919.509948730469
1154.27856445312
1257.6787109375
1284.5869140625
1513.68347167969
1500.87878417969
1485.14819335938
1575.72314453125
1397.62707519531
1606.43176269531
1889.71533203125
2078.3876953125
2424.48754882812
3357.03881835938
4697.86572265625
4294.58544921875
2890.44384765625
4094.80297851562
3127.64624023438
3806.38452148438
3746.6875
2628.04443359375
2243.10595703125
2094.33447265625
1759.04064941406
1238.65893554688
1337.19641113281
1639.41027832031
1455.47900390625
1439.46850585938
1854.07531738281
2026.18395996094
2375.08715820312
1823.99206542969
2216.12084960938
2004.19470214844
2203.83984375
1539.7099609375
1862.17468261719
1653.57250976562
1718.876953125
1257.1552734375
1399.72082519531
1514.67578125
1622.19836425781
1493.162109375
1864.88134765625
1843.96130371094
1739.71020507812
1718.7724609375
1697.52734375
1612.92529296875
1578.34826660156
1568.21606445312
1559.88012695312
1584.24194335938
1583.40576171875
1552.91979980469
1605.56689453125
1708.80969238281
1789.40905761719
1776.87927246094
1758.72106933594
1720.65783691406
1658.63427734375
1648.93408203125
1702.60913085938
1721.29150390625
1731.07250976562
1766.19958496094
1800.53393554688
1781.86047363281
1774.01452636719
NA
NA
478.766723632812
592.391784667969
672.910034179688
619.852111816406
826.183898925781
947.010131835938
1108.16040039062
1331.78771972656
1359.86560058594
1456.56689453125
1274.27966308594
1357.96472167969
1228.74597167969
1406.48913574219
1675.35180664062
1723.77307128906
1817.94921875
1968.99572753906
2536.16455078125
2173.9267578125
2139.03637695312
1845.22741699219
3158.15625
1887.46472167969
2472.53662109375
2411.267578125
2775.26293945312
1875.38635253906
2076.02294921875
1922.86645507812
1466.13916015625
1221.00476074219
1140.44201660156
1232.62829589844
1488.01708984375
1780.96325683594
1882.23974609375
1972.73120117188
2129.23486328125
1816.00158691406
2188.82275390625
2485.89501953125
2097.2431640625
1411.7529296875
1972.71459960938
1083.98364257812
1180.14538574219
1336.08898925781
2073.55346679688
1260.15600585938
1712.88269042969
1938.62243652344
1810.97045898438
1785.71313476562
1748.07592773438
1703.828125
1629.95227050781
1599.64990234375
1600.49572753906
1632.81958007812
1623.41333007812
1645.94091796875
1695.56311035156
1732.35949707031
1791.32666015625
1823.11267089844
1842.14184570312
1800.79370117188
1782.54260253906
1727.46801757812
1713.83654785156
1766.63903808594
1770.17651367188
1802.77551269531
1821.42895507812
1812.14477539062
1787.08215332031
1789.22473144531
NA
NA
NA
532.298583984375
474.787750244141
613.287048339844
840.71728515625
1182.74230957031
1206.86499023438
1068.26049804688
1505.73657226562
1030.189453125
1601.30541992188
1428.6435546875
1577.13586425781
1411.4208984375
1497.92224121094
1628.21704101562
1587.56811523438
1625.31665039062
1929.21398925781
1740.58325195312
2107.00952148438
1422.06884765625
1955.06823730469
1335.58459472656
1628.427734375
1970.3017578125
2534.38012695312
1974.22631835938
1758.20581054688
2280.77001953125
2854.88134765625
1816.51306152344
2164.5732421875
2052.70581054688
1700.40222167969
1431.92041015625
1562.16638183594
1542.59509277344
1608.60729980469
1344.4619140625
1776.61328125
1445.73742675781
1790.99731445312
1385.404296875
1536.90832519531
1464.23779296875
1555.98291015625
1885.00366210938
1756.22204589844
972.546630859375
1996.3310546875
1985.54516601562
1864.53295898438
1844.10913085938
1745.58508300781
1688.50305175781
1670.32958984375
1674.20629882812
1691.34912109375
1704.86682128906
1735.55786132812
1785.7353515625
1847.35229492188
1884.63317871094
1916.84948730469
1952.07263183594
1910.6611328125
1886.62426757812
1896.24096679688
1861.00793457031
1828.02966308594
1820.13171386719
1846.51916503906
1898.07507324219
1879.32397460938
1820.71215820312
1827.27001953125
1846.4140625
NA
NA
NA
796.121032714844
397.994659423828
622.444030761719
808.638305664062
755.551147460938
871.611083984375
1139.55163574219
1328.67712402344
1340.93884277344
1417.66247558594
1502.61254882812
1505.76416015625
1320.92163085938
1567.4462890625
940.465270996094
1951.95458984375
1429.02307128906
2460.25366210938
3065.74560546875
2389.05786132812
1251.76623535156
1282.11450195312
886.583129882812
1223.62170410156
1557.17333984375
2683.80712890625
1711.59790039062
2068.74438476562
1787.08312988281
1986.33081054688
2067.9169921875
1982.01000976562
1954.15905761719
1477.94702148438
1467.74572753906
1318.10241699219
1173.17626953125
1668.54968261719
1611.056640625
1663.25854492188
1632.24523925781
1572.96411132812
1612.08435058594
1648.24499511719
1818.52099609375
2046.97204589844
2216.71044921875
2159.01977539062
2294.22387695312
2195.93579101562
1990.65588378906
1916.81579589844
1856.00537109375
1771.16333007812
1710.03125
1726.21142578125
1740.79711914062
1782.00830078125
1824.32995605469
1865.57763671875
1930.951171875
1959.98254394531
1967.97827148438
2000.49169921875
1969.90405273438
1952.3134765625
1945.37255859375
1940.39025878906
1926.06030273438
1928.06262207031
1890.31860351562
1912.09216308594
1917.24890136719
1887.701171875
1846.76892089844
1841.88159179688
1837.63024902344
NA
NA
NA
1025.36938476562
357.406311035156
524.369812011719
625.660827636719
761.442749023438
921.104064941406
1185.20483398438
1451.46850585938
1407.56127929688
1190.96459960938
1663.99609375
1189.87658691406
1430.07836914062
1527.35229492188
1716.32543945312
1834.71398925781
1943.66687011719
2209.26953125
2863.46728515625
1371.46740722656
3748.56201171875
1275.00952148438
1350.19934082031
1399.31774902344
1004.60498046875
1349.87634277344
1743.48522949219
2427.41088867188
1652.13256835938
2076.83642578125
1430.91479492188
1367.27307128906
1663.81750488281
1409.35192871094
1512.32604980469
1608.75708007812
1305.60412597656
1313.10900878906
1465.84997558594
1575.37805175781
1658.79467773438
1672.87280273438
1748.91125488281
1804.87768554688
2040.35522460938
2272.09619140625
2424.48706054688
2596.46728515625
2621.96411132812
2290.0166015625
2010.119140625
1873.78967285156
1810.66784667969
1789.20666503906
1814.76306152344
1817.22241210938
1883.36303710938
1937.30419921875
1972.68774414062
2032.11645507812
2053.00024414062
2055.02978515625
2071.388671875
2095.00732421875
2095.47119140625
2041.54284667969
2021.29052734375
2010.12133789062
1965.70031738281
1984.73449707031
1947.19738769531
1923.70568847656
1904.583984375
1845.69873046875
1845.57360839844
1852.65222167969
1887.63537597656
NA
NA
NA
NA
371.002471923828
480.726593017578
634.769165039062
763.748046875
889.029479980469
1050.30407714844
1632.44128417969
1128.08215332031
1442.78991699219
1237.93640136719
1206.55224609375
1255.67810058594
1564.31689453125
1690.56115722656
1839.78942871094
1935.86633300781
2098.30737304688
2555.2490234375
3232.40234375
3352.81127929688
1659.3984375
1893.51550292969
2273.57739257812
1429.61022949219
1286.44006347656
1469.24926757812
1620.99548339844
1717.8994140625
1675.66467285156
1371.20300292969
1323.73059082031
1424.38366699219
1838.83898925781
1535.19360351562
1385.11389160156
1460.716796875
1670.95446777344
1558.02124023438
1723.02368164062
1843.97143554688
1902.4541015625
1975.06359863281
2097.99951171875
2239.94409179688
2389.267578125
2684.05297851562
2872.66015625
2300.0771484375
2029.94055175781
1877.0048828125
1815.56188964844
1827.31652832031
1942.83642578125
1973.50610351562
2022.10327148438
2074.2890625
2145.74951171875
2207.39599609375
2203.9169921875
2200.98608398438
2203.77270507812
2264.953125
2232.8447265625
2207.06713867188
2173.96044921875
2103.86108398438
2030.42993164062
2014.7578125
2010.18896484375
1976.87390136719
1935.10620117188
1885.12683105469
1848.85144042969
1884.40258789062
1916.193359375
1869.16833496094
NA
NA
NA
NA
381.957977294922
505.224090576172
591.41796875
786.501403808594
822.168029785156
970.525390625
1221.01574707031
1561.16357421875
1229.38671875
1330.24829101562
916.944091796875
1473.14123535156
1713.18298339844
1762.48352050781
1836.00109863281
1926.68041992188
2089.65625
2435.96875
2947.97216796875
3918.599609375
2748.56616210938
2321.53833007812
3415.51049804688
1403.17614746094
1035.18273925781
1347.13720703125
1351.93579101562
1657.62585449219
2379.38891601562
2689.6103515625
1412.00170898438
1762.83056640625
1890.93371582031
1445.99560546875
1084.97143554688
1526.49206542969
1067.20532226562
1741.39270019531
1900.78637695312
1999.99047851562
2058.4833984375
2169.00439453125
2259.7861328125
2382.48510742188
2544.7822265625
2968.92993164062
1736.96411132812
2163.32836914062
1881.29382324219
1858.23376464844
1848.98107910156
1977.1025390625
2161.45263671875
2189.81079101562
2265.19995117188
2327.94287109375
2392.57788085938
2407.87158203125
2414.47143554688
2392.4755859375
2415.21752929688
2398.3271484375
2352.11108398438
2303.28881835938
2242.68017578125
2205.03369140625
2169.34887695312
2144.62060546875
2093.75732421875
2066.09790039062
1979.54663085938
1879.24816894531
1893.67419433594
1900.896484375
1856.41491699219
1859.40588378906
NA
NA
NA
NA
NA
504.975433349609
612.923034667969
743.609130859375
654.828247070312
853.711853027344
1024.03149414062
1241.47888183594
986.224243164062
869.162902832031
1407.36352539062
1629.43249511719
1819.21801757812
1938.13842773438
1939.7216796875
2018.16174316406
2208.15649414062
2468.15551757812
2818.06665039062
3673.69873046875
525.465759277344
2927.89331054688
3851.4931640625
5634.4306640625
926.513122558594
1339.32897949219
1353.86059570312
1100.68725585938
1369.01770019531
1493.38427734375
2203.791015625
1621.34912109375
1872.51086425781
1678.55688476562
1429.10107421875
1514.18334960938
1829.01635742188
1837.19519042969
1997.02099609375
2158.46337890625
2225.18212890625
2287.29833984375
2403.42431640625
2535.9775390625
2715.93212890625
3163.00439453125
1856.64721679688
2046.02624511719
1124.42248535156
2165.4892578125
2130.75024414062
2304.38403320312
2417.58447265625
2480.50146484375
2527.25439453125
2624.06787109375
2673.49243164062
2607.68432617188
2572.38305664062
2553.95361328125
2565.9970703125
2511.60961914062
2464.37255859375
2410.40576171875
2331.869140625
2313.0810546875
2291.82495117188
2193.64501953125
2165.7314453125
2073.11010742188
2000.34216308594
1968.63232421875
1922.71875
1889.84826660156
1841.36328125
1838.20520019531
NA
NA
NA
NA
NA
505.406707763672
516.820068359375
644.577880859375
663.375122070312
781.711364746094
895.669799804688
861.547912597656
1129.0712890625
1547.42578125
1635.22180175781
1719.09973144531
1866.20288085938
1985.73266601562
2024.53503417969
2162.6298828125
2330.14453125
2545.89770507812
2786.35791015625
3312.38623046875
2431.333984375
2298.17114257812
2092.30444335938
3350.2099609375
2098.08715820312
1239.45251464844
1406.24060058594
993.538208007812
1173.43823242188
1258.05261230469
1349.26977539062
2031.28491210938
1217.59887695312
2815.52294921875
1847.37084960938
1746.86694335938
1773.93127441406
1856.47521972656
1994.96313476562
2192.63671875
2359.36547851562
2518.28369140625
2661.75708007812
2773.26586914062
3013.62744140625
3439.18774414062
2502.2998046875
1788.40612792969
2377.55395507812
2630.55200195312
2597.69384765625
2758.92504882812
2788.59594726562
2844.11181640625
2847.41796875
2843.9345703125
2818.61206054688
2784.70581054688
2739.8994140625
2700.58544921875
2668.1318359375
2627.59350585938
2594.68872070312
2504.09692382812
2450.5146484375
2398.06616210938
2344.18481445312
2279.18432617188
2194.52197265625
2116.87524414062
2060.94799804688
2007.79418945312
1964.76574707031
1913.13122558594
1878.9765625
1861.09887695312
NA
NA
NA
NA
NA
508.783660888672
488.387542724609
559.822631835938
647.434631347656
752.044921875
726.543823242188
1222.66186523438
1458.06494140625
1614.18664550781
1721.11865234375
1856.56262207031
1910.94396972656
2038.26416015625
2149.21850585938
2332.94897460938
2474.80102539062
2652.4755859375
2829.06420898438
3084.04272460938
3599.2158203125
3986.13720703125
4259.58837890625
5057.73193359375
2153.01831054688
1141.62890625
1174.15124511719
1070.42614746094
1037.35461425781
1155.57312011719
1515.7724609375
2285.66381835938
2358.23950195312
1157.86181640625
2757.9189453125
1920.28576660156
1735.61376953125
1809.89916992188
2107.56518554688
2362.09399414062
2679.5859375
2880.80200195312
2996.67602539062
3042.45361328125
3229.50219726562
2468.02026367188
2147.32666015625
1115.91101074219
2612.26684570312
2868.29858398438
2928.24682617188
2993.39111328125
3036.681640625
3020.94604492188
2991.35693359375
2963.58129882812
2892.39721679688
2830.73583984375
2819.173828125
2803.41967773438
2808.57446289062
2763.60864257812
2673.92163085938
2611.85766601562
2587.83911132812
2498.87475585938
2408.86596679688
2355.52270507812
2253.74584960938
2206.80346679688
2173.19750976562
2089.7470703125
2020.32983398438
1964.48156738281
1926.52319335938
1901.67895507812
