"x"
NA
NA
NA
NA
5.11764717102051
4.82352924346924
4.94117641448975
5.88235282897949
5.94117641448975
6.52941179275513
6.35294103622437
6.82352924346924
6.76470565795898
9.41176509857178
9.58823490142822
6.17647075653076
10.3529415130615
50.764705657959
39.705883026123
8.23529434204102
6.41176462173462
8.11764717102051
16.8235301971436
35.8823547363281
34.5882339477539
24.1176471710205
27.3529415130615
24.294116973877
16.9411773681641
14.6470584869385
12.0588235855103
11.764705657959
9.88235282897949
10.8235292434692
10.529411315918
8.94117641448975
7.88235282897949
11.3529415130615
8.47058868408203
13.7058820724487
12.8235292434692
13.3529415130615
13.1764707565308
14.2941179275513
16.1764698028564
15.235294342041
13.8235292434692
14.2941179275513
15.6470584869385
17.1176471710205
16.705883026123
14.8235292434692
14.5882349014282
16.1764698028564
14.8823528289795
15.4117650985718
16.6470584869385
18.529411315918
18.529411315918
20.1176471710205
18.9411773681641
20.1176471710205
20.235294342041
21.9411773681641
28.4117641448975
36.705883026123
33
21.0588226318359
18.1764698028564
17.764705657959
16.294116973877
15.8823528289795
15.470588684082
15.4117650985718
15.7058820724487
15.5882349014282
15.235294342041
16
15.470588684082
16.4117641448975
6.76470565795898
6.41176462173462
5.17647075653076
5.29411745071411
4.35294103622437
4.05882358551025
4.23529434204102
4.11764717102051
4.70588254928589
5.64705896377563
6.35294103622437
7.05882358551025
7.17647075653076
9.05882358551025
10.8823528289795
13.470588684082
15.470588684082
22.8823528289795
50.294116973877
14.0588235855103
7.23529434204102
10.6470584869385
22.529411315918
49
51.294116973877
29.705883026123
16.8235301971436
14.8235292434692
23.9411773681641
31.705883026123
33.9411773681641
18.764705657959
12.7058820724487
12.7058820724487
10
9.11764717102051
9.29411792755127
6.88235282897949
8.64705848693848
12.764705657959
10.6470584869385
11.5882349014282
12.1764707565308
12.2941179275513
12.2941179275513
11.7058820724487
11.3529415130615
11.2941179275513
14
13.8823528289795
15.0588235855103
15.2941179275513
15.470588684082
14.9411764144897
15.1176471710205
15.3529415130615
16.6470584869385
15.764705657959
16.4117641448975
17.764705657959
18.294116973877
18.1764698028564
20.9411773681641
19.9411773681641
15.8235292434692
25.8823528289795
22.764705657959
30.0588226318359
23.9411773681641
16.529411315918
25.5882358551025
17.9411773681641
18.4117641448975
18.3529415130615
18.235294342041
17.6470584869385
17.5882358551025
18.1764698028564
18.235294342041
17.705883026123
5.47058820724487
5.35294103622437
4.82352924346924
5.05882358551025
4.70588254928589
4.11764717102051
4
4.11764717102051
4.05882358551025
4.70588254928589
6.94117641448975
7.94117641448975
9.64705848693848
10.8823528289795
14.2941179275513
15.8823528289795
25.705883026123
38.470588684082
44.1764717102051
23.5882358551025
28.235294342041
28
18.294116973877
11.1176471710205
8.94117641448975
9.88235282897949
9.88235282897949
19.8235301971436
21.8823528289795
12.529411315918
17.9411773681641
30.8235301971436
26
15.3529415130615
13
10
8.17647075653076
9.94117641448975
9.82352924346924
8.17647075653076
9
10.470588684082
9.17647075653076
8.47058868408203
9.35294151306152
11.1176471710205
9.88235282897949
10.7058820724487
12.5882349014282
13.6470584869385
13.8823528289795
16.1764698028564
15.470588684082
14.6470584869385
15.1764707565308
14.3529415130615
12.470588684082
14.1176471710205
14.9411764144897
14.7058820724487
17.235294342041
21.3529415130615
20.8823528289795
20.1176471710205
15.764705657959
26.764705657959
20.1764698028564
16.235294342041
21.470588684082
19.529411315918
16.470588684082
20.5882358551025
20.235294342041
21.470588684082
18.705883026123
18.529411315918
19.294116973877
19.3529415130615
19.4117641448975
20.1764698028564
5.94117641448975
5.41176462173462
5.70588254928589
4.76470565795898
4.29411745071411
4.76470565795898
3.88235282897949
3.94117641448975
4.23529434204102
5.52941179275513
7.35294103622437
10.5882349014282
16.1176471710205
21.0588226318359
18.529411315918
23.4117641448975
36.6470603942871
41.6470603942871
23.8823528289795
10.235294342041
6.76470565795898
6.23529434204102
9.29411792755127
6.05882358551025
4.82352924346924
10
11.8235292434692
13.529411315918
11.7058820724487
11.6470584869385
16.5882358551025
19.9411773681641
23.235294342041
27.529411315918
32.235294342041
18.5882358551025
8.11764717102051
6.76470565795898
7.52941179275513
9.29411792755127
11.8235292434692
10.6470584869385
11.235294342041
8.76470565795898
8.88235282897949
9.76470565795898
10.529411315918
11.470588684082
10.6470584869385
11.235294342041
12.8823528289795
12.6470584869385
13.8235292434692
13.9411764144897
14.764705657959
16
14.0588235855103
14.6470584869385
14.1176471710205
15.529411315918
18.0588226318359
15.529411315918
22.529411315918
25.470588684082
18.8235301971436
30
24.705883026123
17.529411315918
19.9411773681641
25.8235301971436
23
20.8235301971436
22.0588226318359
27.3529415130615
22.1764698028564
20.5882358551025
20.1176471710205
20.294116973877
21.294116973877
22.294116973877
5
5.58823537826538
6.05882358551025
5.29411745071411
5.35294103622437
5.70588254928589
6.11764717102051
5.41176462173462
3.47058820724487
5.52941179275513
8.05882358551025
12.2941179275513
29.0588226318359
41.235294342041
17.1764698028564
13.8235292434692
19
12.470588684082
8.05882358551025
6.41176462173462
12.529411315918
7.47058820724487
4.17647075653076
2.47058820724487
3.47058820724487
6.58823537826538
8.17647075653076
12.470588684082
8.23529434204102
11.470588684082
15.3529415130615
15.1764707565308
13.7058820724487
14.764705657959
11.1176471710205
6.41176462173462
7.17647075653076
10.9411764144897
11.6470584869385
14.235294342041
13.529411315918
11.7058820724487
9.29411792755127
9
9.58823490142822
9.70588207244873
8.17647075653076
9.58823490142822
9.70588207244873
10
11.529411315918
12.1764707565308
14.7058820724487
16.6470584869385
15.1764707565308
14.7058820724487
13.7058820724487
14.5882349014282
14.2941179275513
15.8235292434692
19.764705657959
22.235294342041
21.6470584869385
24.8235301971436
18.1176471710205
20.529411315918
20.4117641448975
22.8823528289795
22
17.4117641448975
25.0588226318359
20.3529415130615
18.470588684082
30.6470584869385
23.9411773681641
22.3529415130615
22.1176471710205
22.8823528289795
23.764705657959
23.529411315918
3.52941179275513
4.76470565795898
5.35294103622437
5.76470565795898
6.47058820724487
6.64705896377563
5.35294103622437
4.58823537826538
5.52941179275513
5.41176462173462
7.17647075653076
9.05882358551025
9.23529434204102
11.529411315918
30.5882358551025
31.4117641448975
16.6470584869385
4.52941179275513
3.29411768913269
4.11764717102051
7.82352924346924
7.41176462173462
3
2.11764717102051
3.94117641448975
3.58823537826538
5.35294103622437
5.11764717102051
6.52941179275513
8.94117641448975
10.8823528289795
12.1176471710205
12.1176471710205
12.1764707565308
10.1764707565308
8.11764717102051
9.76470565795898
13.764705657959
13.9411764144897
12.4117650985718
9.47058868408203
10.1764707565308
8.58823490142822
9
8.41176509857178
8.35294151306152
6.94117641448975
7
7.88235282897949
8.35294151306152
10.2941179275513
12.235294342041
14.7058820724487
15.8235292434692
15.529411315918
14.9411764144897
15.1764707565308
15.8235292434692
16.470588684082
17.3529415130615
19.8823528289795
18.470588684082
19.1764698028564
24.705883026123
27.235294342041
24.6470584869385
23.8823528289795
30.3529415130615
20.1176471710205
22.5882358551025
28.0588226318359
21.529411315918
22.235294342041
26.9411773681641
26.8235301971436
24.470588684082
24.294116973877
24.705883026123
25.529411315918
25.9411773681641
4.35294103622437
4.64705896377563
4.82352924346924
4.70588254928589
4.76470565795898
3.05882358551025
3.17647051811218
3.23529410362244
3.82352948188782
2.64705872535706
5.11764717102051
7.64705896377563
6.47058820724487
7.35294103622437
11.1176471710205
13.6470584869385
17.1176471710205
16.0588226318359
3.70588231086731
3.29411768913269
6.23529434204102
7.23529434204102
1.47058820724487
1
1.11764705181122
2.76470589637756
2.94117641448975
5.64705896377563
5.88235282897949
8.05882358551025
10.9411764144897
12.0588235855103
10.5882349014282
9.41176509857178
7.88235282897949
8.11764717102051
9.29411792755127
9.41176509857178
8.52941131591797
9.41176509857178
9.94117641448975
8.52941131591797
7.94117641448975
7.05882358551025
7.17647075653076
5.64705896377563
6.88235282897949
6.11764717102051
8.11764717102051
9.47058868408203
10.1176471710205
12.5882349014282
15.5882349014282
14.235294342041
13.470588684082
14.2941179275513
16.235294342041
15.4117650985718
15.5882349014282
15.7058820724487
17.470588684082
20.235294342041
22.4117641448975
22.529411315918
21.0588226318359
23.8823528289795
30.294116973877
24.4117641448975
16.5882358551025
24.705883026123
28.6470584869385
24.1176471710205
27.5882358551025
25.9411773681641
26
26
26.4117641448975
27.294116973877
28.1176471710205
30.705883026123
4.29411745071411
4.41176462173462
3.23529410362244
2.17647051811218
2.52941179275513
2.88235282897949
2.41176462173462
2.23529410362244
2.52941179275513
4.88235282897949
10.4117650985718
7.41176462173462
3.23529410362244
4.29411745071411
7.35294103622437
5.29411745071411
2.11764717102051
5.41176462173462
9.29411792755127
12.470588684082
3.82352948188782
7.47058820724487
5.11764717102051
2.76470589637756
1.05882358551025
1.35294115543365
3.52941179275513
2.94117641448975
3.58823537826538
5.70588254928589
13.764705657959
14.4117650985718
11.3529415130615
9.35294151306152
7.35294103622437
5.17647075653076
5.23529434204102
6.29411745071411
7.17647075653076
6.58823537826538
6.41176462173462
7.41176462173462
7.05882358551025
6.94117641448975
6.47058820724487
5.70588254928589
6.29411745071411
7.82352924346924
8.64705848693848
10.8235292434692
10.2941179275513
14.8823528289795
13.2941179275513
13.0588235855103
12.5882349014282
13.235294342041
15.1176471710205
17.529411315918
17.9411773681641
15.4117650985718
19.235294342041
18.294116973877
18.470588684082
18.8235301971436
20.529411315918
24.0588226318359
29.8823528289795
17.235294342041
27
30.1764698028564
26.1764698028564
24.1764698028564
31.470588684082
24.294116973877
26.3529415130615
27
28.8235301971436
28.5882358551025
29.8235301971436
31.3529415130615
2.88235282897949
3.58823537826538
2.52941179275513
2.05882358551025
2.05882358551025
1.47058820724487
1.82352936267853
1.82352936267853
2.70588231086731
3.41176462173462
6.11764717102051
10.1764707565308
9.64705848693848
10.8823528289795
2.76470589637756
2.23529410362244
3.05882358551025
2.05882358551025
2.17647051811218
2.47058820724487
3.58823537826538
2.05882358551025
2.35294127464294
4.88235282897949
1.23529410362244
1.29411768913269
1.47058820724487
2.35294127464294
2.47058820724487
3.94117641448975
7.23529434204102
9.11764717102051
6.11764717102051
3.41176462173462
3
3.52941179275513
3.94117641448975
3.88235282897949
3.70588231086731
4.29411745071411
3.76470589637756
4
4.82352924346924
5.70588254928589
6.11764717102051
5.88235282897949
7.35294103622437
7.47058820724487
8.35294151306152
10.6470584869385
12.8823528289795
12.764705657959
12.2941179275513
11.9411764144897
10.5882349014282
12.529411315918
14.6470584869385
19.8823528289795
20.5882358551025
18
18.0588226318359
17.3529415130615
17.9411773681641
17.8823528289795
22.705883026123
27.764705657959
19.529411315918
21.8235301971436
32.4117660522461
31
30.3529415130615
32.529411315918
31.294116973877
28.6470584869385
28.294116973877
29.5882358551025
30.8823528289795
31.1764698028564
33.0588226318359
33.5882339477539
2.70588231086731
2.76470589637756
2.23529410362244
1.29411768913269
1.88235294818878
1.70588231086731
2.35294127464294
4
7
11.8823528289795
19.235294342041
6.41176462173462
6.94117641448975
6
4.70588254928589
2.41176462173462
2.29411768913269
1.82352936267853
1.29411768913269
1
0.882352948188782
0.529411792755127
0.470588237047195
0.705882370471954
0.823529422283173
0.823529422283173
1.35294115543365
1
2.05882358551025
2
2.17647051811218
2.47058820724487
2
1.52941179275513
1.64705884456635
2.05882358551025
1.70588231086731
1.82352936267853
2.11764717102051
2.11764717102051
2.58823537826538
2.88235282897949
3.29411768913269
4.94117641448975
4.82352924346924
5.41176462173462
5.64705896377563
6.88235282897949
9.23529434204102
9.41176509857178
11.5882349014282
12.3529415130615
10.7058820724487
10.7058820724487
12.4117650985718
13.1764707565308
17.235294342041
16.764705657959
21.529411315918
17.5882358551025
17
19.0588226318359
18.3529415130615
22.8823528289795
25.470588684082
21.294116973877
20.6470584869385
29.8235301971436
30.294116973877
31.3529415130615
32.235294342041
36.9411773681641
29.235294342041
27.1176471710205
27.8235301971436
29.5882358551025
31.705883026123
33.470588684082
34.9411773681641
36.8823547363281
4.23529434204102
4.11764717102051
4.29411745071411
4.11764717102051
4.05882358551025
5.35294103622437
5.47058820724487
8.23529434204102
18.1764698028564
9.52941131591797
11.3529415130615
14.7058820724487
14.1176471710205
12.529411315918
14
10.3529415130615
6.29411745071411
4.52941179275513
3.70588231086731
2.29411768913269
2
0.941176474094391
0.352941185235977
0.411764711141586
0.529411792755127
0.588235318660736
0.470588237047195
0.411764711141586
1
0.764705896377563
0.705882370471954
1.05882358551025
0.764705896377563
1
1.23529410362244
1.17647063732147
1.05882358551025
1.64705884456635
1.29411768913269
1
1.94117641448975
2.35294127464294
3.29411768913269
4.58823537826538
6.05882358551025
6.35294103622437
7
9.70588207244873
9.94117641448975
11.470588684082
11.470588684082
11.5882349014282
11.8235292434692
13
14.4117650985718
17.6470584869385
19.294116973877
25.4117641448975
15.9411764144897
18.294116973877
18
20.1176471710205
22.4117641448975
24.8235301971436
20.9411773681641
24.705883026123
30.529411315918
28.764705657959
29.5882358551025
32
36.5882339477539
38.4117660522461
30.1764698028564
28.470588684082
25
27.705883026123
33.470588684082
37.1764717102051
38.3529396057129
41.1176452636719
8.35294151306152
9.35294151306152
12.1176471710205
16.5882358551025
17.0588226318359
14.1764707565308
19.529411315918
17.705883026123
9.29411792755127
7.64705896377563
6.41176462173462
8.94117641448975
26.235294342041
36.8235282897949
16.0588226318359
21.470588684082
28
13.1764707565308
2.23529410362244
2.76470589637756
1.17647063732147
0.470588237047195
0.647058844566345
1.41176474094391
0.294117659330368
0.411764711141586
0.235294118523598
0.294117659330368
0.470588237047195
0.470588237047195
0.588235318660736
0.764705896377563
1.11764705181122
1.23529410362244
1.94117641448975
1.58823525905609
1.64705884456635
1.52941179275513
1.70588231086731
2.23529410362244
1.82352936267853
2.23529410362244
3.35294127464294
4.82352924346924
6.23529434204102
8.35294151306152
9.23529434204102
10.1764707565308
11.764705657959
10.764705657959
10.8235292434692
11.5882349014282
13.1176471710205
15
16.6470584869385
19.705883026123
22.9411773681641
23.1764698028564
21.3529415130615
18.4117641448975
17.529411315918
21.1764698028564
21.4117641448975
20.764705657959
26.1176471710205
29.529411315918
27.0588226318359
29.0588226318359
32
38.1764717102051
37.4117660522461
32.1764717102051
38.4117660522461
30
33.1176452636719
35.235294342041
36.294116973877
38.9411773681641
41.1764717102051
42.8235282897949
16.8823528289795
25.235294342041
26.4117641448975
23.8823528289795
26.1176471710205
24.705883026123
13.1764707565308
25.529411315918
22.8235301971436
19.764705657959
26.764705657959
20.294116973877
15.2941179275513
13.470588684082
9.35294151306152
7.17647075653076
8.23529434204102
6.76470565795898
0.882352948188782
0.764705896377563
0.470588237047195
0.176470592617989
0.235294118523598
0.117647059261799
0.588235318660736
0.588235318660736
0.294117659330368
0.352941185235977
0.411764711141586
0.470588237047195
0.705882370471954
0.588235318660736
0.705882370471954
1.17647063732147
1.47058820724487
1.88235294818878
2
2.29411768913269
2.88235282897949
3.41176462173462
4.11764717102051
4.58823537826538
5.52941179275513
7.70588254928589
8.76470565795898
10.1764707565308
11.529411315918
11.235294342041
13.1764707565308
12.235294342041
13
13.1176471710205
15.3529415130615
17.764705657959
20.529411315918
21.8823528289795
27.294116973877
29.1176471710205
24
19.8823528289795
24.294116973877
20.294116973877
23.8235301971436
25.5882358551025
26.8823528289795
26.470588684082
25.764705657959
29.0588226318359
33.1176452636719
38.470588684082
43
42.470588684082
47.8235282897949
42.294116973877
37.529411315918
39.9411773681641
41.470588684082
43.0588226318359
44.8823547363281
47.294116973877
25.764705657959
35.3529396057129
35.4117660522461
26.529411315918
8.47058868408203
11.529411315918
12.0588235855103
11.7058820724487
18
14.1176471710205
8.70588207244873
3.76470589637756
1.94117641448975
1.47058820724487
1.05882358551025
1.23529410362244
1.41176474094391
0.764705896377563
0.588235318660736
0.235294118523598
0.176470592617989
0.0588235296308994
0.0588235296308994
0.176470592617989
0.176470592617989
0.294117659330368
0.764705896377563
1
1.17647063732147
0.941176474094391
1
1.41176474094391
1.11764705181122
1.23529410362244
1.64705884456635
1.58823525905609
2.17647051811218
3.41176462173462
4.58823537826538
5.76470565795898
7.41176462173462
8.64705848693848
8.94117641448975
10.470588684082
11.7058820724487
11.764705657959
14.235294342041
16.764705657959
13.6470584869385
15.8235292434692
15.8235292434692
17.470588684082
18.764705657959
22
21.5882358551025
26.4117641448975
30.3529415130615
28.529411315918
17.529411315918
20.705883026123
20.3529415130615
20.5882358551025
22.5882358551025
23.5882358551025
24.3529415130615
25.4117641448975
27.0588226318359
28.6470584869385
31.5882358551025
41.0588226318359
40.1764717102051
37.4117660522461
38.8235282897949
39.764705657959
40.8823547363281
43.470588684082
45.529411315918
45.9411773681641
47.9411773681641
49.764705657959
12
14.2941179275513
25.294116973877
34.6470603942871
10.4117650985718
9.29411792755127
11.3529415130615
10.1176471710205
5.58823537826538
2.35294127464294
1.29411768913269
0.823529422283173
0.470588237047195
0.764705896377563
0.352941185235977
0.529411792755127
0.411764711141586
0.411764711141586
0.294117659330368
0.176470592617989
0.117647059261799
0.0588235296308994
0.117647059261799
0.411764711141586
0.411764711141586
0.941176474094391
1.17647063732147
1.82352936267853
1.41176474094391
1.05882358551025
1.41176474094391
1.82352936267853
2.52941179275513
2.11764717102051
2.29411768913269
2.41176462173462
3.17647051811218
4.52941179275513
6.70588254928589
9.64705848693848
12.235294342041
13.4117650985718
13.1176471710205
12.764705657959
14.0588235855103
15.0588235855103
18.529411315918
16
17.294116973877
16.0588226318359
17.8823528289795
17
17.8823528289795
22.1176471710205
28.9411773681641
27.5882358551025
28.9411773681641
23.0588226318359
24.3529415130615
23.705883026123
21.529411315918
21.0588226318359
22.294116973877
24.705883026123
26.1176471710205
26.235294342041
28.8823528289795
30.4117641448975
32.8823547363281
44.1176452636719
41.470588684082
33.4117660522461
35.470588684082
40.529411315918
44.5882339477539
45.5882339477539
47.235294342041
50.0588226318359
53.5882339477539
56.5882339477539
22.529411315918
14.235294342041
10.1176471710205
4.88235282897949
9.52941131591797
11.529411315918
4.29411745071411
1.58823525905609
1.41176474094391
1.64705884456635
0.470588237047195
0.647058844566345
0.411764711141586
0.470588237047195
0.294117659330368
0.117647059261799
0.176470592617989
0.352941185235977
0.235294118523598
0.235294118523598
0.176470592617989
0.411764711141586
0.294117659330368
1.17647063732147
2.05882358551025
2.05882358551025
2.64705872535706
4.52941179275513
5.52941179275513
4.23529434204102
2.70588231086731
3.17647051811218
2.88235282897949
2.88235282897949
3.41176462173462
4.17647075653076
4.88235282897949
6
7.94117641448975
9.11764717102051
10.8823528289795
13.0588235855103
13.764705657959
14.235294342041
15.7058820724487
17.6470584869385
16.5882358551025
17
15.1764707565308
14.764705657959
15.529411315918
17.8235301971436
20.294116973877
21.3529415130615
23.705883026123
29
28.1764698028564
30.705883026123
30.0588226318359
30.705883026123
25.529411315918
25.470588684082
26.8235301971436
29.0588226318359
30.4117641448975
31.3529415130615
33.3529396057129
37.529411315918
40.294116973877
57.8823547363281
56.4117660522461
38.705883026123
37.705883026123
41.5882339477539
46.764705657959
49.705883026123
52.8823547363281
56.1176452636719
60.294116973877
62.4117660522461
47.8823547363281
26.3529415130615
5.58823537826538
3.64705872535706
7.88235282897949
16.4117641448975
7.47058820724487
2.82352948188782
1.35294115543365
0.588235318660736
0.294117659330368
0.235294118523598
0.294117659330368
0.176470592617989
0.176470592617989
0.352941185235977
0.823529422283173
1.70588231086731
2.52941179275513
1
0.294117659330368
0.176470592617989
0.235294118523598
0.235294118523598
1
3.05882358551025
6.64705896377563
14.6470584869385
18.3529415130615
17.5882358551025
12.529411315918
7.82352924346924
3.88235282897949
3.64705872535706
4.47058820724487
5.76470565795898
7.64705896377563
8.88235282897949
10.2941179275513
10.470588684082
14.235294342041
15.235294342041
16.0588226318359
16.6470584869385
16.705883026123
14.0588235855103
13.9411764144897
14.235294342041
13.6470584869385
15.2941179275513
15.529411315918
16.1764698028564
18.0588226318359
18.5882358551025
20.6470584869385
23.8235301971436
28
26.1176471710205
32.470588684082
28.6470584869385
28.705883026123
29.1764698028564
31.4117641448975
34.294116973877
37
39
42.1764717102051
49.0588226318359
56.8235282897949
62.6470603942871
38.0588226318359
41.1764717102051
42.5882339477539
46.3529396057129
52.5882339477539
56.3529396057129
59
60.9411773681641
62.8823547363281
66.2941207885742
28.8823528289795
23.8823528289795
4.76470565795898
3.11764717102051
5.23529434204102
9.23529434204102
14.4117650985718
7.41176462173462
3.17647051811218
0.823529422283173
0.647058844566345
0.411764711141586
0.352941185235977
0.411764711141586
1.29411768913269
3.47058820724487
3.64705872535706
3.17647051811218
2.41176462173462
1.29411768913269
2.17647051811218
2.11764717102051
0.647058844566345
0.411764711141586
0.764705896377563
1.64705884456635
4.41176462173462
9
15.529411315918
26.1176471710205
22.705883026123
20.5882358551025
13.6470584869385
8.05882358551025
6.76470565795898
7.70588254928589
8.82352924346924
10.8823528289795
12
13.5882349014282
16.470588684082
15.5882349014282
17.1176471710205
14.235294342041
16.3529415130615
13.2941179275513
13.2941179275513
13.9411764144897
15.764705657959
13.4117650985718
16.1764698028564
16.4117641448975
17.0588226318359
17.764705657959
20.294116973877
22.470588684082
26.294116973877
32.8235282897949
24.6470584869385
29.9411773681641
26.6470584869385
29.3529415130615
33.6470603942871
40
44.470588684082
48.6470603942871
62.8235282897949
75.7647094726562
82.5882339477539
68.1764678955078
44.529411315918
43.1176452636719
47.4117660522461
53.6470603942871
58.9411773681641
62.3529396057129
64.2941207885742
66.8823547363281
70.8823547363281
71.529411315918
19.0588226318359
13.1764707565308
11.5882349014282
14.235294342041
11.2941179275513
6.17647075653076
8.47058868408203
2.64705872535706
5.11764717102051
10.7058820724487
6.70588254928589
6.35294103622437
5.82352924346924
4.94117641448975
1.47058820724487
2.11764717102051
2.58823537826538
4.76470565795898
5.11764717102051
5.41176462173462
7.05882358551025
4.29411745071411
2.70588231086731
1.82352936267853
1.94117641448975
1.64705884456635
1.52941179275513
4.58823537826538
11.4117650985718
14.235294342041
12.8235292434692
16
17
8.23529434204102
9.23529434204102
11.7058820724487
12.8235292434692
15.470588684082
16.5882358551025
17.1176471710205
16.6470584869385
18.235294342041
17.0588226318359
16.4117641448975
16.3529415130615
14.8823528289795
16.0588226318359
14.5882349014282
16.764705657959
17.9411773681641
18.9411773681641
17
17.1176471710205
18.5882358551025
21.0588226318359
21.9411773681641
27.705883026123
28.764705657959
27.235294342041
27.3529415130615
30.529411315918
34.8235282897949
38.470588684082
42.4117660522461
49.764705657959
58.5882339477539
72.6470565795898
60.3529396057129
35.235294342041
56.4117660522461
48.235294342041
46.764705657959
55.1176452636719
63.705883026123
67.7058792114258
69.8823547363281
71.4117660522461
74.529411315918
74.5882339477539
76
12
28.8235301971436
29.529411315918
23.5882358551025
16.529411315918
18.5882358551025
7.35294103622437
3.52941179275513
2.94117641448975
1.58823525905609
3.76470589637756
6.64705896377563
3.17647051811218
1.82352936267853
2.64705872535706
3.70588231086731
6.11764717102051
5.35294103622437
7.52941179275513
9.52941131591797
10.529411315918
8.58823490142822
5.82352924346924
4.94117641448975
5.11764717102051
5.29411745071411
7.11764717102051
7.82352924346924
10.8235292434692
15.7058820724487
19.8823528289795
15.6470584869385
16.5882358551025
17.3529415130615
12.9411764144897
14.764705657959
16.6470584869385
20
17.9411773681641
19.6470584869385
20.8823528289795
19.1764698028564
19.5882358551025
17.8235301971436
16.1764698028564
14.5882349014282
16.0588226318359
16.5882358551025
17.1176471710205
18.1176471710205
16.0588226318359
18.0588226318359
18.8235301971436
20.5882358551025
22.235294342041
23.1764698028564
27.5882358551025
28.3529415130615
31.3529415130615
32.3529396057129
35.9411773681641
39.3529396057129
45.8235282897949
42.235294342041
44.1176452636719
46.5882339477539
62.529411315918
69.6470565795898
56.8235282897949
52.235294342041
47.5882339477539
58.470588684082
70
76.8823547363281
79.8823547363281
81.5882339477539
78.8823547363281
78.1764678955078
80.529411315918
82.7058792114258
17.529411315918
30.235294342041
42.1176452636719
34.470588684082
49.235294342041
24.9411773681641
6.82352924346924
3.11764717102051
5.52941179275513
4.29411745071411
7.23529434204102
5.35294103622437
4.47058820724487
4.70588254928589
4.70588254928589
5.88235282897949
7.52941179275513
7.17647075653076
8.35294151306152
8.88235282897949
15.529411315918
14.1176471710205
9.58823490142822
10.8235292434692
12.1764707565308
12.764705657959
13
15.470588684082
16.764705657959
20.705883026123
25.529411315918
20.764705657959
12.764705657959
15.1764707565308
17.4117641448975
18.5882358551025
22.8235301971436
23.235294342041
22.764705657959
21.3529415130615
19.470588684082
19.8823528289795
22.5882358551025
19.3529415130615
16.8823528289795
17.1764698028564
18.1176471710205
18.9411773681641
19.3529415130615
18.705883026123
18.1764698028564
19
20.529411315918
21.8235301971436
23.529411315918
26.1764698028564
34.4117660522461
33.1176452636719
33.1176452636719
40.4117660522461
41
43.5882339477539
43.9411773681641
37.9411773681641
37.4117660522461
45.4117660522461
62.294116973877
52.6470603942871
54.764705657959
53.764705657959
63.1764717102051
70.470588684082
74.529411315918
79.2352905273438
80.6470565795898
81.2941207885742
81.8823547363281
81.7647094726562
83.8235321044922
82.7647094726562
18.0588226318359
21.0588226318359
27.8235301971436
38.0588226318359
31.5882358551025
41.1176452636719
12.1764707565308
2.52941179275513
3.70588231086731
4.41176462173462
5.41176462173462
4.70588254928589
3.76470589637756
4.52941179275513
5.11764717102051
6
6.41176462173462
8
9.58823490142822
13.8823528289795
13.764705657959
17.764705657959
20.470588684082
14.8823528289795
19.4117641448975
23.8235301971436
24
22.1764698028564
16.9411773681641
26.529411315918
23.3529415130615
26.764705657959
16.705883026123
14.8235292434692
24.1764698028564
24.235294342041
28.705883026123
31.8823528289795
28.235294342041
26.6470584869385
27.6470584869385
24.470588684082
22.705883026123
21.0588226318359
19.1176471710205
19.470588684082
20.9411773681641
20.8823528289795
18.9411773681641
22.8823528289795
22.8823528289795
20.764705657959
22.1764698028564
23.6470584869385
26.529411315918
29.1764698028564
34.8823547363281
36.8823547363281
39.294116973877
41.529411315918
45.470588684082
43.529411315918
51.4117660522461
63.705883026123
58.5882339477539
57.8823547363281
59.529411315918
66.0588226318359
68.2352905273438
71.0588226318359
71.0588226318359
69.7058792114258
71.9411773681641
74
76.7647094726562
76
79.1764678955078
79
77.3529434204102
76.7058792114258
22.1176471710205
15.4117650985718
15.470588684082
17.1176471710205
26.3529415130615
49.0588226318359
33.1176452636719
11.5882349014282
8.88235282897949
5.52941179275513
5.29411745071411
5.76470565795898
6.17647075653076
6.29411745071411
6.05882358551025
6.94117641448975
7.58823537826538
5.88235282897949
8.47058868408203
10.0588235855103
13.5882349014282
20.294116973877
23.8823528289795
25.294116973877
27.529411315918
36.6470603942871
31.9411773681641
37.5882339477539
34.705883026123
30.1764698028564
31.235294342041
38.235294342041
28.0588226318359
21.529411315918
35.1176452636719
39.4117660522461
36.529411315918
37.6470603942871
37.3529396057129
30.529411315918
27.4117641448975
28.8823528289795
22.9411773681641
22.764705657959
24.8823528289795
24.0588226318359
23
23.294116973877
26.235294342041
26.764705657959
27.764705657959
24
25.470588684082
27.3529415130615
30.3529415130615
32.8823547363281
39.294116973877
43.0588226318359
46.5882339477539
48.764705657959
47.470588684082
59.529411315918
46.705883026123
59.1764717102051
68.8235321044922
71.8823547363281
71
71.7647094726562
72.470588684082
69.529411315918
68.5882339477539
68.8823547363281
70.5882339477539
69.1176452636719
70.3529434204102
71.470588684082
71.2352905273438
71.4117660522461
71.529411315918
70.8235321044922
12.8823528289795
9.35294151306152
8.82352924346924
10.470588684082
14.1764707565308
26.1764698028564
49.0588226318359
48.764705657959
14.764705657959
3.88235282897949
10.529411315918
8.94117641448975
10.3529415130615
12.529411315918
9.70588207244873
8.58823490142822
11.3529415130615
10.7058820724487
15.1764707565308
11.8235292434692
17.470588684082
26.470588684082
30.9411773681641
40.235294342041
43.764705657959
33.764705657959
34.470588684082
36.6470603942871
44.294116973877
39.4117660522461
41.0588226318359
40.705883026123
33.8823547363281
30.705883026123
39.1764717102051
30.470588684082
34.764705657959
41.764705657959
49.4117660522461
39.529411315918
31.6470584869385
28.4117641448975
26.9411773681641
26.5882358551025
28.764705657959
26.9411773681641
32.1176452636719
28.8823528289795
31.4117641448975
32.0588226318359
31.6470584869385
30.8823528289795
29.8235301971436
32.6470603942871
35.235294342041
38.705883026123
43.9411773681641
49.9411773681641
53.9411773681641
56.1764717102051
62.6470603942871
45.705883026123
66.5882339477539
68.8235321044922
68.7647094726562
64.7058792114258
64.1764678955078
65.8823547363281
64.9411773681641
66.1764678955078
66.0588226318359
65.8235321044922
64.2941207885742
64.8823547363281
65.529411315918
64
65.1764678955078
64.6470565795898
64.529411315918
66.1764678955078
8.35294151306152
6.58823537826538
6.52941179275513
7.11764717102051
10.9411764144897
15.529411315918
24.235294342041
58.235294342041
71.9411773681641
50.4117660522461
11.764705657959
11.7058820724487
18.294116973877
15.235294342041
15.470588684082
16.705883026123
19.235294342041
18.470588684082
20
16
31.764705657959
25.9411773681641
26
35.705883026123
38
27
32.3529396057129
31.8235301971436
40.470588684082
35.0588226318359
47.8823547363281
35.8823547363281
31.470588684082
43.0588226318359
26.9411773681641
31.3529415130615
37.8235282897949
44.764705657959
44.9411773681641
42.9411773681641
35
32.8823547363281
31.1764698028564
34
33.529411315918
40.3529396057129
38.3529396057129
39.294116973877
39.8823547363281
43.529411315918
44.705883026123
36
35.1176452636719
37.0588226318359
40
45.1176452636719
47.6470603942871
52.764705657959
59.0588226318359
64.1176452636719
59.6470603942871
65
68.1764678955078
66.3529434204102
60.5882339477539
58.8235282897949
57.705883026123
59.3529396057129
58.529411315918
60.1764717102051
58.764705657959
58.5882339477539
58.470588684082
57.6470603942871
58.764705657959
60.6470603942871
60.705883026123
62.764705657959
62.5882339477539
63.705883026123
6.05882358551025
5
5.05882358551025
6.58823537826538
8.58823490142822
14.529411315918
19.0588226318359
33.705883026123
54.3529396057129
61.8823547363281
93.529411315918
76.4117660522461
21.9411773681641
12.235294342041
19.9411773681641
29.9411773681641
22.294116973877
32
37
22.470588684082
31.529411315918
30.3529415130615
27.1176471710205
29
41.9411773681641
118.176467895508
27.0588226318359
27.4117641448975
36.9411773681641
46.6470603942871
39.4117660522461
29.0588226318359
53
61.4117660522461
34.235294342041
38.4117660522461
45
48
57.470588684082
61.529411315918
48.529411315918
41.294116973877
38.6470603942871
41.235294342041
42.1176452636719
44.764705657959
44.9411773681641
54.0588226318359
51.3529396057129
48.1764717102051
47.8235282897949
50.1176452636719
39.529411315918
43.4117660522461
46.294116973877
47
50.6470603942871
57.1176452636719
64.7647094726562
67.6470565795898
68
66.8823547363281
62.764705657959
59.4117660522461
57.470588684082
55.3529396057129
54.1176452636719
54.0588226318359
53
53
52.3529396057129
54.0588226318359
54.1764717102051
54.1764717102051
56.235294342041
56.6470603942871
58.529411315918
59.9411773681641
59.5882339477539
60.8235282897949
4.41176462173462
4.64705896377563
4.76470565795898
5.88235282897949
9.64705848693848
14.9411764144897
20.529411315918
28.705883026123
35.705883026123
51.6470603942871
70.7058792114258
87.7058792114258
85.1176452636719
68.0588226318359
61.4117660522461
11.9411764144897
10.0588235855103
10.6470584869385
9.47058868408203
8.64705848693848
14.6470584869385
10.6470584869385
19.8235301971436
107.764709472656
182.70588684082
176.647064208984
141.058822631836
66.7058792114258
44.8823547363281
35.235294342041
46.529411315918
56.470588684082
50.764705657959
43.529411315918
56.1764717102051
68
55.3529396057129
58
56.235294342041
59.764705657959
53.1176452636719
54.529411315918
50.6470603942871
51.235294342041
57.529411315918
53.1764717102051
54.8235282897949
58.3529396057129
57.470588684082
52.529411315918
47.1764717102051
50.8823547363281
45.1176452636719
47.3529396057129
49.6470603942871
50.705883026123
54.8823547363281
64.1764678955078
61.4117660522461
58.8235282897949
59.764705657959
58.764705657959
54.4117660522461
53.6470603942871
53.294116973877
51.705883026123
49.9411773681641
49.705883026123
50.235294342041
49.8235282897949
50.5882339477539
50.764705657959
50.294116973877
52.3529396057129
53.529411315918
55.294116973877
57.764705657959
58.6470603942871
58.8823547363281
59.235294342041
4.17647075653076
3.94117641448975
5.11764717102051
7.17647075653076
12.5882349014282
14.4117650985718
23.470588684082
30.1764698028564
35.4117660522461
41
45.470588684082
50.235294342041
56.529411315918
77.1764678955078
98.8235321044922
125.764709472656
102.705879211426
103.294120788574
72.9411773681641
53.4117660522461
82.6470565795898
95
89.5882339477539
154.764709472656
176.882354736328
171.352935791016
151.529418945312
200.058822631836
168.823532104492
73.5882339477539
74.1176452636719
57.764705657959
50.9411773681641
49.3529396057129
43.4117660522461
39.8235282897949
49.5882339477539
51.8235282897949
54.4117660522461
62.529411315918
54.8235282897949
56
54.5882339477539
56.6470603942871
60.764705657959
57.235294342041
62.3529396057129
64.1764678955078
65.1764678955078
52
48.705883026123
45.529411315918
48.3529396057129
47.8235282897949
49.4117660522461
50.764705657959
60.5882339477539
58.529411315918
54.1176452636719
53.6470603942871
54.3529396057129
52.1176452636719
49.470588684082
48.5882339477539
49.3529396057129
47.705883026123
49.0588226318359
50.5882339477539
51.1176452636719
49.0588226318359
48
47.705883026123
47.529411315918
51.470588684082
54.3529396057129
55.529411315918
56.470588684082
56.3529396057129
55.4117660522461
58
4.35294103622437
4.94117641448975
6.58823537826538
11.0588235855103
12.764705657959
21.0588226318359
24.764705657959
30.235294342041
36.8823547363281
40.470588684082
43.1764717102051
52.235294342041
55.235294342041
55.8823547363281
57.4117660522461
63.8235282897949
74
75.1176452636719
126.764709472656
140.823532104492
151.588241577148
150.352935791016
154.647064208984
162.29411315918
166.70588684082
117.764709472656
152
159.058822631836
141.117645263672
76.2352905273438
81.7647094726562
83.5882339477539
74.529411315918
53.529411315918
42.8235282897949
44.3529396057129
43.529411315918
51.4117660522461
53.1176452636719
60.1764717102051
52.1764717102051
60.1764717102051
59.1176452636719
54.1176452636719
58.9411773681641
58.4117660522461
61.9411773681641
59.5882339477539
53.0588226318359
58.235294342041
39.9411773681641
46.3529396057129
47
45.294116973877
48.529411315918
57.8823547363281
59.4117660522461
52.1764717102051
49.705883026123
50
48.470588684082
46.3529396057129
45.1176452636719
45.1764717102051
45.8235282897949
47.6470603942871
48.8823547363281
50.3529396057129
52.764705657959
49.6470603942871
50.470588684082
49.4117660522461
49.3529396057129
51.8235282897949
53.6470603942871
54.1764717102051
55.5882339477539
56.1176452636719
54.4117660522461
53.4117660522461
5.35294103622437
7
9.41176509857178
12.5882349014282
15.1176471710205
21.8235301971436
27.4117641448975
27.294116973877
39.1764717102051
42.8235282897949
45.5882339477539
50.294116973877
53.705883026123
56.1764717102051
56.4117660522461
57.470588684082
63
71.7058792114258
82.3529434204102
105.294120788574
119.64705657959
92.6470565795898
93.2352905273438
113.764709472656
109.176467895508
145.764709472656
136.882354736328
143.235290527344
108.117645263672
86.529411315918
50.470588684082
57.4117660522461
64.7058792114258
55.470588684082
46.4117660522461
54.1176452636719
50
51.0588226318359
60.9411773681641
81.4117660522461
80.5882339477539
59.235294342041
55.235294342041
56.1764717102051
62
53.4117660522461
54.8235282897949
50.5882339477539
48.3529396057129
40
42.705883026123
39.764705657959
41
51.470588684082
56.529411315918
56.764705657959
52.470588684082
50.8235282897949
48.3529396057129
47.5882339477539
45.3529396057129
44.294116973877
43.8235282897949
44.470588684082
44.294116973877
44.4117660522461
47.294116973877
49.8823547363281
51.8823547363281
52.6470603942871
52.705883026123
51.235294342041
51
50.5882339477539
54.294116973877
54.6470603942871
53.9411773681641
54.8823547363281
56
54.235294342041
NA
NA
12.0588235855103
10.764705657959
17.470588684082
18.470588684082
28.764705657959
28.705883026123
36.529411315918
41.1764717102051
42.294116973877
49.0588226318359
49.235294342041
52.0588226318359
52.3529396057129
46.5882339477539
55.294116973877
65.4117660522461
71.8823547363281
79.3529434204102
103
128.70588684082
139.70588684082
96.7647094726562
133.352935791016
126.294120788574
132.470581054688
135.529418945312
101.470588684082
87.529411315918
82.529411315918
59.470588684082
44.5882339477539
46.4117660522461
53.9411773681641
45.764705657959
44.294116973877
58.5882339477539
64.1176452636719
74.1764678955078
60.3529396057129
70.5882339477539
64
73.1176452636719
51.8235282897949
62.8823547363281
56.0588226318359
57.470588684082
33
36.235294342041
35.6470603942871
50.705883026123
40.294116973877
56.1764717102051
55.1176452636719
50.764705657959
49.529411315918
49.235294342041
46.705883026123
44.9411773681641
45.0588226318359
46.529411315918
45.705883026123
46
45
45.8823547363281
49.6470603942871
53.294116973877
53.8235282897949
53.294116973877
53.1176452636719
51.705883026123
51.4117660522461
52.9411773681641
55.4117660522461
55.470588684082
54.529411315918
55.1764717102051
54.1176452636719
53.8823547363281
NA
NA
13.0588235855103
15.235294342041
19.8235301971436
20
25.1176471710205
30.529411315918
36.235294342041
42.235294342041
43.1176452636719
46.529411315918
45.8235282897949
45.3529396057129
40.9411773681641
46.764705657959
57.1764717102051
60.764705657959
61.0588226318359
67.2941207885742
79.7058792114258
72.4117660522461
78.8235321044922
61.705883026123
110.705879211426
65.6470565795898
95.7647094726562
100.64705657959
116
64.2941207885742
79.470588684082
69.2941207885742
47.294116973877
39.1176452636719
34.8823547363281
39.235294342041
47.1764717102051
58.764705657959
60.294116973877
63.6470603942871
72.8823547363281
61.705883026123
73.470588684082
78.9411773681641
69.1764678955078
46.3529396057129
64
28.4117641448975
32.235294342041
36.235294342041
67.3529434204102
25.705883026123
47.9411773681641
58.235294342041
53.8235282897949
51.294116973877
49.529411315918
48.8235282897949
45.8823547363281
45.5882339477539
47.764705657959
47.9411773681641
47.8823547363281
48.9411773681641
50.705883026123
53.9411773681641
55.705883026123
56.8823547363281
56.470588684082
55.9411773681641
55.8235282897949
54.8235282897949
55.4117660522461
54.8235282897949
53.8823547363281
55.4117660522461
54
55.1176452636719
55.235294342041
55.0588226318359
NA
NA
NA
15.470588684082
14.8823528289795
19.5882358551025
25.294116973877
33.6470603942871
33.4117660522461
31.4117641448975
48.529411315918
33.294116973877
55.0588226318359
50.0588226318359
55.8823547363281
45.6470603942871
47.1176452636719
56.235294342041
56.705883026123
61.235294342041
80.0588226318359
49.529411315918
75.8235321044922
50.235294342041
65.3529434204102
39.8235282897949
55.3529396057129
73.1764678955078
103.705879211426
75.7058792114258
64.7058792114258
92.8235321044922
113.588233947754
63.764705657959
71.5882339477539
72.8823547363281
57.1764717102051
47.0588226318359
51.8235282897949
53.705883026123
56.529411315918
43.0588226318359
60.8235282897949
41.705883026123
49.0588226318359
39.6470603942871
41.4117660522461
41.3529396057129
42.4117660522461
51.705883026123
35.3529396057129
21.9411773681641
58.1764717102051
57
54.5882339477539
52.5882339477539
51.1176452636719
48.4117660522461
48.294116973877
49.9411773681641
51
51.705883026123
53.764705657959
54.4117660522461
56.5882339477539
57.9411773681641
57.6470603942871
57.705883026123
57.8235282897949
57.8823547363281
57.470588684082
56.8823547363281
56.1764717102051
54.8235282897949
56.8235282897949
57.764705657959
58
57
56.6470603942871
55.705883026123
NA
NA
NA
27
9.94117641448975
17.1764698028564
23.1176471710205
20.3529415130615
25.235294342041
35.4117660522461
42.764705657959
42.764705657959
46.1176452636719
49.6470603942871
53
45.8823547363281
55.294116973877
25.235294342041
56.9411773681641
44.9411773681641
73.3529434204102
82.9411773681641
77.7058792114258
37.705883026123
33.294116973877
20.0588226318359
40.529411315918
56.1176452636719
104.705879211426
60.294116973877
79.0588226318359
62.6470603942871
79.5882339477539
80.1176452636719
52.1176452636719
59.764705657959
49.294116973877
49.8235282897949
33.4117660522461
30.1176471710205
58.294116973877
61
49.235294342041
48.235294342041
45.294116973877
46.6470603942871
48.1764717102051
51.529411315918
58.8235282897949
65
64.8823547363281
66.7058792114258
64.5882339477539
57.4117660522461
55.294116973877
52.470588684082
50.764705657959
50.8823547363281
52
52.4117660522461
54.5882339477539
56.9411773681641
58.0588226318359
59.6470603942871
60.529411315918
59.9411773681641
60.764705657959
58.9411773681641
58.235294342041
58.0588226318359
58.235294342041
57.235294342041
58.705883026123
56.5882339477539
58.764705657959
56.6470603942871
58.0588226318359
56.5882339477539
55.1176452636719
54.5882339477539
NA
NA
NA
31.1764698028564
8.17647075653076
12.470588684082
15.8823528289795
20.8235301971436
27
36.1176452636719
44.235294342041
39.0588226318359
33.529411315918
46.529411315918
33.0588226318359
52.4117660522461
61.235294342041
52.294116973877
57.529411315918
61.294116973877
70.1764678955078
87.3529434204102
40.0588226318359
113.176467895508
43.294116973877
47.3529396057129
44.764705657959
29.6470584869385
46.6470603942871
62.8235282897949
97.1176452636719
58.6470603942871
74.1176452636719
47.470588684082
40.6470603942871
46.470588684082
42.4117660522461
37.8823547363281
39.705883026123
31.3529415130615
37.3529396057129
36.470588684082
42.9411773681641
46.4117660522461
48.6470603942871
52.1176452636719
52.6470603942871
60.4117660522461
62.8823547363281
70.0588226318359
74.529411315918
71.7058792114258
66.3529434204102
60.705883026123
55.235294342041
55
54.1176452636719
56.0588226318359
54.470588684082
56.764705657959
59.1764717102051
61.3529396057129
62.6470603942871
64.529411315918
64.7647094726562
63.8235282897949
63.9411773681641
62.8235282897949
64.3529434204102
61.3529396057129
61.0588226318359
60
59.1764717102051
58.3529396057129
56.6470603942871
57.0588226318359
55.294116973877
55.294116973877
55.1176452636719
54.529411315918
NA
NA
NA
NA
8.76470565795898
11.529411315918
15.6470584869385
19.764705657959
23.1176471710205
29.8235301971436
46.8235282897949
30.9411773681641
42
37.5882339477539
36
36.4117660522461
45.6470603942871
51.705883026123
58
60.8235282897949
68.8235321044922
85.1176452636719
99.0588226318359
94.8235321044922
63.3529396057129
80.0588226318359
85.529411315918
52.705883026123
31.705883026123
45.529411315918
60.235294342041
67.5882339477539
52.5882339477539
43.529411315918
40.4117660522461
41.294116973877
39.8823547363281
36.3529396057129
33.9411773681641
45.8823547363281
59.3529396057129
39.294116973877
47.294116973877
51.294116973877
55.0588226318359
58.294116973877
60.9411773681641
65.8823547363281
70.7647094726562
76.8823547363281
77.9411773681641
63.4117660522461
60.0588226318359
57.235294342041
55.3529396057129
55.764705657959
60.1176452636719
61.294116973877
63.5882339477539
64.8235321044922
66.6470565795898
69.2941207885742
68.8235321044922
68.9411773681641
68.7058792114258
69.2941207885742
67.529411315918
67.470588684082
65.5882339477539
63.705883026123
62
61.1764717102051
59.9411773681641
59.1176452636719
56.8823547363281
56.470588684082
56.294116973877
58.0588226318359
55.470588684082
53.6470603942871
NA
NA
NA
NA
8.76470565795898
11.7058820724487
13.2941179275513
18.8823528289795
18.470588684082
25.0588226318359
34.8823547363281
51
30.235294342041
42
26.5882358551025
42.3529396057129
48.8235282897949
53.294116973877
57.5882339477539
62.705883026123
70.7058792114258
81.6470565795898
96
109.176467895508
93.9411773681641
103.764709472656
116.294120788574
45.8235282897949
32.1764717102051
44.8823547363281
49.8823547363281
59.470588684082
89.470588684082
100.117645263672
46.8823547363281
48.705883026123
42.705883026123
33.6470603942871
28.9411773681641
59.764705657959
28.1176471710205
48.1764717102051
51.8235282897949
55.235294342041
58.8235282897949
64.2352905273438
67.470588684082
71.9411773681641
75.7058792114258
77.1764678955078
36
68.1176452636719
52.4117660522461
55.1764717102051
57.0588226318359
61.6470603942871
67.2352905273438
68.8823547363281
71.2352905273438
72.8823547363281
73.8823547363281
74.7058792114258
73.3529434204102
73.1176452636719
72.470588684082
72.6470565795898
71.529411315918
71.2352905273438
69.1764678955078
66.5882339477539
65.2352905273438
65.1176452636719
62.764705657959
63.9411773681641
59.3529396057129
55.235294342041
56.470588684082
56.705883026123
55.235294342041
53.9411773681641
NA
NA
NA
NA
NA
11.8235292434692
14.529411315918
16.8823528289795
13.529411315918
20.8823528289795
27.5882358551025
36.9411773681641
27.235294342041
23.529411315918
40.764705657959
48.294116973877
52.9411773681641
56.3529396057129
61.3529396057129
65.9411773681641
73
84.2352905273438
96.1764678955078
112.823532104492
9.94117641448975
117.764709472656
132.941177368164
141
25.294116973877
36.5882339477539
52.6470603942871
37.529411315918
47.8823547363281
52.1764717102051
81.9411773681641
54.3529396057129
51.8823547363281
35.4117660522461
35.4117660522461
40.0588226318359
45.5882339477539
50.5882339477539
53.235294342041
59.5882339477539
63.8823547363281
69.8823547363281
74.7647094726562
78.9411773681641
80.2352905273438
77.2941207885742
71.1764678955078
74.6470565795898
29.8235301971436
65.3529434204102
66.9411773681641
70.7647094726562
74.1176452636719
76.6470565795898
80.7647094726562
81.3529434204102
82.1764678955078
80.1764678955078
78.529411315918
77.1764678955078
78.0588226318359
77.1176452636719
75.529411315918
73.4117660522461
70.7058792114258
69.529411315918
70.8823547363281
67.7647094726562
67.8823547363281
65
61.764705657959
59.294116973877
59.4117660522461
58.235294342041
57.294116973877
56
NA
NA
NA
NA
NA
10.3529415130615
10.470588684082
14.3529415130615
14.8823528289795
19.3529415130615
23.470588684082
20.8823528289795
29.235294342041
40
45.470588684082
49.9411773681641
55.235294342041
59.764705657959
64.1764678955078
71.0588226318359
79.1764678955078
86.5882339477539
97.5882339477539
111.470588684082
116.058822631836
113.470588684082
75.0588226318359
133.647064208984
69
34.0588226318359
49.5882339477539
29.6470584869385
32.9411773681641
37.5882339477539
43.470588684082
76.7058792114258
35.529411315918
87.5882339477539
45.529411315918
41.0588226318359
44.529411315918
49.470588684082
54.235294342041
63.529411315918
71.3529434204102
78.7647094726562
84.3529434204102
85.3529434204102
88.9411773681641
81.470588684082
70.7647094726562
61.1176452636719
64.529411315918
77.8235321044922
77.7647094726562
81.3529434204102
84.6470565795898
85.1176452636719
86.4117660522461
87.4117660522461
85.7058792114258
84.0588226318359
82.8235321044922
84.6470565795898
82.1764678955078
80.4117660522461
78.470588684082
77.470588684082
76.8823547363281
76.5882339477539
75.529411315918
73.5882339477539
70.0588226318359
67.529411315918
65.0588226318359
63.470588684082
63.764705657959
61.8823547363281
59.8823547363281
59.0588226318359
NA
NA
NA
NA
NA
10.529411315918
9.52941131591797
11.1176471710205
13.8823528289795
20.3529415130615
18.3529415130615
30
37
42.470588684082
47.470588684082
51.5882339477539
56.8823547363281
63.0588226318359
69.9411773681641
79.2941207885742
86.8823547363281
94.5882339477539
101.764709472656
110.470588684082
121.882354736328
126.823532104492
128.235290527344
128.058822631836
78.8235321044922
29.4117641448975
27.8235301971436
30.1176471710205
30.705883026123
31.8235301971436
49.0588226318359
92.2941207885742
96.3529434204102
33.1764717102051
85.4117660522461
48.6470603942871
45.294116973877
48.294116973877
57.8235282897949
70.8823547363281
82.470588684082
88
94
94.1764678955078
93.5882339477539
71.2352905273438
89.8823547363281
29.705883026123
77.4117660522461
84.529411315918
86.470588684082
89.1764678955078
89.8823547363281
90.2352905273438
89.529411315918
89.1764678955078
88.5882339477539
86.8235321044922
88.1176452636719
88.7647094726562
87.5882339477539
84.9411773681641
84.3529434204102
81.529411315918
81.7647094726562
82.1764678955078
79.1764678955078
75.1176452636719
73.9411773681641
72.5882339477539
71
68
66
65
63.529411315918
62
