"x"
NA
NA
NA
NA
0.588235318660736
0.764705896377563
1
0.705882370471954
0.705882370471954
0.941176474094391
0.823529422283173
0.705882370471954
0.764705896377563
0.823529422283173
1.11764705181122
0.941176474094391
1.58823525905609
12.5882349014282
7.94117641448975
1.70588231086731
1.11764705181122
1.23529410362244
2.23529410362244
5.94117641448975
6.94117641448975
6.41176462173462
7.88235282897949
6.88235282897949
4.76470565795898
3.41176462173462
3.17647051811218
3.17647051811218
2.23529410362244
2.17647051811218
2.52941179275513
2.17647051811218
2.11764717102051
2
1.70588231086731
3
3.41176462173462
3.94117641448975
4.41176462173462
4.58823537826538
5.64705896377563
5.23529434204102
4.52941179275513
4.76470565795898
4.82352924346924
5.23529434204102
5.35294103622437
4.52941179275513
5.35294103622437
6.41176462173462
5.05882358551025
5
6.17647075653076
6.64705896377563
6.70588254928589
7.11764717102051
5.64705896377563
6.64705896377563
7.58823537826538
8.41176509857178
10.4117650985718
16.764705657959
14.1176471710205
6.29411745071411
5.88235282897949
4.70588254928589
3.82352948188782
3.94117641448975
3.58823537826538
3.76470589637756
3.41176462173462
3.64705872535706
3.64705872535706
4.35294103622437
5.52941179275513
5.05882358551025
1.17647063732147
0.941176474094391
1.11764705181122
1.05882358551025
0.882352948188782
0.588235318660736
0.764705896377563
0.764705896377563
0.647058844566345
0.647058844566345
0.823529422283173
0.705882370471954
0.823529422283173
1.23529410362244
1.64705884456635
1.82352936267853
2.52941179275513
4.11764717102051
11.8823528289795
2.17647051811218
2.11764717102051
2.29411768913269
3.88235282897949
13.2941179275513
14.1176471710205
5.52941179275513
3.05882358551025
4.52941179275513
6.64705896377563
9.23529434204102
10.0588235855103
5.05882358551025
3.29411768913269
3.58823537826538
2.35294127464294
2
2
2
2.52941179275513
3.47058820724487
2.88235282897949
3.58823537826538
3.64705872535706
3.94117641448975
3.76470589637756
4.05882358551025
3.47058820724487
3.41176462173462
4.41176462173462
4.23529434204102
4.82352924346924
6.05882358551025
5.64705896377563
5.88235282897949
5.23529434204102
5.47058820724487
6.29411745071411
6
5.29411745071411
6.29411745071411
7.23529434204102
6.58823537826538
7.58823537826538
6.64705896377563
4.88235282897949
8.94117641448975
8.11764717102051
9.64705848693848
6.88235282897949
4.41176462173462
8.41176509857178
4.94117641448975
5.05882358551025
4.64705896377563
4.76470565795898
4.70588254928589
5.17647075653076
5.58823537826538
4.88235282897949
5.05882358551025
1.35294115543365
1.11764705181122
1.47058820724487
0.823529422283173
0.882352948188782
0.823529422283173
0.588235318660736
0.705882370471954
0.411764711141586
0.529411792755127
0.588235318660736
1.17647063732147
1.82352936267853
2.76470589637756
2.82352948188782
3.29411768913269
4.47058820724487
9.05882358551025
11.4117650985718
4.94117641448975
6.58823537826538
6.52941179275513
3.35294127464294
2
1.41176474094391
1.88235294818878
2.23529410362244
3.82352948188782
3.82352948188782
3.29411768913269
5.94117641448975
10.3529415130615
8.52941131591797
4.23529434204102
3.76470589637756
2.29411768913269
2.05882358551025
2.76470589637756
2.35294127464294
2.76470589637756
2.52941179275513
3.05882358551025
3.05882358551025
2.70588231086731
3.17647051811218
3.29411768913269
3.47058820724487
3.17647051811218
3.47058820724487
3.82352948188782
4
4.58823537826538
5.41176462173462
5.05882358551025
4.82352924346924
4.94117641448975
4.35294103622437
4.29411745071411
4.76470565795898
5.29411745071411
5.64705896377563
7.52941179275513
6.29411745071411
4.70588254928589
4.11764717102051
8.88235282897949
6.23529434204102
4.29411745071411
5.88235282897949
5.11764717102051
4.47058820724487
6.47058820724487
5.52941179275513
6.11764717102051
5.17647075653076
4.76470565795898
5.17647075653076
6
6.05882358551025
6.52941179275513
0.882352948188782
1
0.941176474094391
0.647058844566345
0.411764711141586
0.411764711141586
0.529411792755127
0.352941185235977
0.235294118523598
0.647058844566345
0.647058844566345
1.94117641448975
3.47058820724487
5.35294103622437
4
4.76470565795898
10.2941179275513
10.6470584869385
4.47058820724487
1.17647063732147
0.882352948188782
1
2
1
1.23529410362244
1.64705884456635
2.11764717102051
2.41176462173462
2.23529410362244
3.52941179275513
4.94117641448975
5.64705896377563
6.58823537826538
7.23529434204102
10.5882349014282
5.47058820724487
1.82352936267853
1.76470589637756
1.88235294818878
2.82352948188782
3.58823537826538
2.88235282897949
2.70588231086731
2.64705872535706
3.05882358551025
3.35294127464294
3.11764717102051
3.05882358551025
2.41176462173462
3.47058820724487
3.88235282897949
3.52941179275513
3.23529410362244
4.58823537826538
5.52941179275513
4.52941179275513
4.29411745071411
4.29411745071411
4.41176462173462
5.11764717102051
5.64705896377563
4.88235282897949
8.29411792755127
9.29411792755127
5.70588254928589
9
7.35294103622437
4.47058820724487
5.23529434204102
8.29411792755127
7.23529434204102
5.82352924346924
5.47058820724487
7.76470565795898
5.82352924346924
5.35294103622437
6.23529434204102
6.41176462173462
7.29411745071411
6.70588254928589
0.411764711141586
0.411764711141586
0.411764711141586
0.588235318660736
0.647058844566345
0.823529422283173
0.941176474094391
0.470588237047195
0.588235318660736
0.470588237047195
0.705882370471954
1.82352936267853
6.82352924346924
12.3529415130615
2.70588231086731
2.76470589637756
3.47058820724487
1.76470589637756
0.470588237047195
0.882352948188782
1.47058820724487
1.17647063732147
0.588235318660736
0.352941185235977
0.411764711141586
1.52941179275513
1.52941179275513
2.47058820724487
2.11764717102051
3.52941179275513
4.94117641448975
4.88235282897949
2.94117641448975
2.82352948188782
2
1.35294115543365
1.88235294818878
3.11764717102051
3
4
3.82352948188782
3.29411768913269
3.64705872535706
2.76470589637756
2.88235282897949
3.11764717102051
2.29411768913269
3.05882358551025
3.11764717102051
3.52941179275513
3.17647051811218
3.88235282897949
5.11764717102051
6.05882358551025
5.70588254928589
4.70588254928589
4
3.82352948188782
4.29411745071411
4.64705896377563
6.58823537826538
8.17647075653076
7.23529434204102
8.47058868408203
5.35294103622437
6
7.76470565795898
6.29411745071411
5.17647075653076
4.17647075653076
9.23529434204102
5.52941179275513
4.58823537826538
13.4117650985718
7.35294103622437
6.23529434204102
6.70588254928589
6.70588254928589
6.70588254928589
6.52941179275513
0.352941185235977
0.705882370471954
0.764705896377563
0.470588237047195
0.764705896377563
0.941176474094391
0.823529422283173
0.764705896377563
0.411764711141586
0.529411792755127
0.764705896377563
1.41176474094391
1.41176474094391
1.70588231086731
6.88235282897949
6.17647075653076
2.23529410362244
0.529411792755127
0.529411792755127
0.823529422283173
1.17647063732147
1
0.176470592617989
0.176470592617989
0.705882370471954
0.705882370471954
0.941176474094391
1.05882358551025
1.52941179275513
2.05882358551025
3.29411768913269
3.05882358551025
3.70588231086731
3.52941179275513
1.94117641448975
2.11764717102051
3.41176462173462
4.58823537826538
4
3.29411768913269
3.17647051811218
3.17647051811218
3.11764717102051
3.11764717102051
2.76470589637756
2.94117641448975
2.52941179275513
2.58823537826538
2.52941179275513
2.47058820724487
2.82352948188782
4.76470565795898
5.05882358551025
5.47058820724487
5.05882358551025
4.76470565795898
4.35294103622437
4.82352924346924
4.29411745071411
6
6.23529434204102
5.47058820724487
5.23529434204102
8.47058868408203
10.1764707565308
8.47058868408203
7.76470565795898
9.94117641448975
4.52941179275513
6.29411745071411
12.1176471710205
7
5.47058820724487
10.235294342041
9.76470565795898
7.29411745071411
7.64705896377563
8
8.29411792755127
8.88235282897949
0.294117659330368
0.411764711141586
0.470588237047195
0.705882370471954
0.470588237047195
0.529411792755127
0.294117659330368
0.294117659330368
0.470588237047195
0.529411792755127
0.352941185235977
0.764705896377563
0.764705896377563
0.588235318660736
1.58823525905609
2.76470589637756
3.52941179275513
3
0.294117659330368
0.294117659330368
1.05882358551025
1.52941179275513
0.176470592617989
0.235294118523598
0.117647059261799
0.470588237047195
0.411764711141586
0.529411792755127
0.941176474094391
1.17647063732147
2.52941179275513
3.11764717102051
3.17647051811218
2.41176462173462
2.05882358551025
2.23529410362244
2.58823537826538
2.82352948188782
2.29411768913269
3
2.94117641448975
2.94117641448975
2.47058820724487
2.17647051811218
2.05882358551025
1.70588231086731
1.82352936267853
2
2.23529410362244
2.64705872535706
2.94117641448975
3.82352948188782
5.47058820724487
5.05882358551025
3.94117641448975
3.88235282897949
4.82352924346924
4.58823537826538
5
4.17647075653076
5.41176462173462
6.52941179275513
8.17647075653076
7.23529434204102
7
7.88235282897949
9.88235282897949
6.35294103622437
4.17647075653076
8.64705848693848
12.1764707565308
7.47058820724487
10.470588684082
9.23529434204102
8.35294151306152
8.64705848693848
9
8.58823490142822
9.58823490142822
9.17647075653076
0.235294118523598
0.176470592617989
0.294117659330368
0.117647059261799
0.235294118523598
0.294117659330368
0.294117659330368
0.235294118523598
0.176470592617989
0.470588237047195
1.64705884456635
1.35294115543365
0.294117659330368
0.176470592617989
0.705882370471954
0.411764711141586
0.176470592617989
0.647058844566345
2.11764717102051
2.88235282897949
0.176470592617989
1.47058820724487
1.05882358551025
0.352941185235977
0.0588235296308994
0.176470592617989
0.352941185235977
0.176470592617989
0.647058844566345
0.705882370471954
2.88235282897949
4.05882358551025
3.41176462173462
2.82352948188782
2
1.05882358551025
1.58823525905609
1.94117641448975
1.94117641448975
1.70588231086731
1.76470589637756
2.17647051811218
2.17647051811218
1.94117641448975
1.11764705181122
1.17647063732147
1.47058820724487
1.88235294818878
1.82352936267853
2.82352948188782
3.52941179275513
5.11764717102051
5.17647075653076
4
3.82352948188782
3.88235282897949
4.76470565795898
5.64705896377563
5.35294103622437
4.17647075653076
6.05882358551025
6.05882358551025
5.82352924346924
6
6.05882358551025
7.17647075653076
8.23529434204102
4.88235282897949
10.235294342041
12.9411764144897
9.23529434204102
7.47058820724487
10.9411764144897
9.41176509857178
9.94117641448975
10.235294342041
10.8823528289795
10.2941179275513
10.7058820724487
10.4117650985718
0.235294118523598
0.294117659330368
0.294117659330368
0.235294118523598
0.294117659330368
0.0588235296308994
0.235294118523598
0
0.235294118523598
0
1
2.17647051811218
1.47058820724487
1.23529410362244
0.117647059261799
0.294117659330368
0.647058844566345
0.117647059261799
0.0588235296308994
0.294117659330368
0.411764711141586
0.176470592617989
0.235294118523598
0.588235318660736
0.0588235296308994
0.0588235296308994
0.235294118523598
0.529411792755127
0.529411792755127
1.29411768913269
1.64705884456635
1.88235294818878
1.11764705181122
0.823529422283173
0.647058844566345
1
0.882352948188782
1.05882358551025
0.882352948188782
0.882352948188782
0.823529422283173
1
0.882352948188782
1.35294115543365
1.41176474094391
1.47058820724487
1.58823525905609
1.82352936267853
1.88235294818878
2.29411768913269
5.29411745071411
4.88235282897949
4.41176462173462
4.47058820724487
3.58823537826538
3.70588231086731
3.88235282897949
5.64705896377563
6.76470565795898
5.58823537826538
4.82352924346924
4.70588254928589
5.29411745071411
5.29411745071411
6.58823537826538
7.76470565795898
4.88235282897949
7.41176462173462
16.9411773681641
11.3529415130615
10.7058820724487
10.4117650985718
13.1176471710205
11.470588684082
10.764705657959
11.0588235855103
11.235294342041
10.8823528289795
12.1176471710205
13.2941179275513
0.294117659330368
0.352941185235977
0.235294118523598
0.176470592617989
0.117647059261799
0.117647059261799
0.294117659330368
0.235294118523598
0.352941185235977
1.70588231086731
3.35294127464294
0.411764711141586
0.941176474094391
0.823529422283173
0.470588237047195
0.176470592617989
0.0588235296308994
0.0588235296308994
0
0.0588235296308994
0.0588235296308994
0
0
0.117647059261799
0.117647059261799
0.117647059261799
0.352941185235977
0.235294118523598
0.411764711141586
0.352941185235977
0.411764711141586
0.411764711141586
0.470588237047195
0.294117659330368
0.294117659330368
0.470588237047195
0.470588237047195
0.411764711141586
0.235294118523598
0.529411792755127
0.411764711141586
0.764705896377563
1
0.764705896377563
0.823529422283173
0.941176474094391
1.17647063732147
1.52941179275513
2.94117641448975
2.52941179275513
3.70588231086731
3.88235282897949
4.11764717102051
3.64705872535706
3.70588231086731
4
5.52941179275513
6
7.23529434204102
4.70588254928589
5.76470565795898
7.52941179275513
7.29411745071411
8.05882358551025
7.41176462173462
6.35294103622437
7.64705896377563
14.6470584869385
12.3529415130615
10.7058820724487
11.1764707565308
12.3529415130615
11.0588235855103
10.9411764144897
11.0588235855103
11.529411315918
11.1764707565308
12.2941179275513
13.529411315918
14.8235292434692
0.411764711141586
0.294117659330368
0.352941185235977
0.294117659330368
0.176470592617989
0.352941185235977
0.764705896377563
0.823529422283173
3.94117641448975
1.35294115543365
1.94117641448975
3.58823537826538
4.11764717102051
3.76470589637756
3.94117641448975
2.05882358551025
0.647058844566345
0.294117659330368
0.294117659330368
0.352941185235977
0.176470592617989
0
0.0588235296308994
0.117647059261799
0.0588235296308994
0.117647059261799
0
0
0.0588235296308994
0.176470592617989
0.176470592617989
0.235294118523598
0.0588235296308994
0.235294118523598
0.470588237047195
0.411764711141586
0.235294118523598
0.294117659330368
0.117647059261799
0.235294118523598
0.294117659330368
0.352941185235977
0.647058844566345
0.764705896377563
1.41176474094391
1.88235294818878
2.23529410362244
2.11764717102051
2.64705872535706
3.82352948188782
4.11764717102051
3.35294127464294
3.29411768913269
4.17647075653076
4.52941179275513
5.35294103622437
7.17647075653076
7.76470565795898
4.29411745071411
6.17647075653076
5.82352924346924
8.17647075653076
8.52941131591797
8.76470565795898
5.70588254928589
9.58823490142822
14.8823528289795
11.8823528289795
12
12.529411315918
13.8235292434692
13.6470584869385
11.1176471710205
10.5882349014282
8.52941131591797
10
13.0588235855103
15.7058820724487
16.0588226318359
16.705883026123
1
1.76470589637756
2.29411768913269
3.23529410362244
3.88235282897949
2.29411768913269
4.47058820724487
3.76470589637756
0.882352948188782
0.647058844566345
0.588235318660736
0.764705896377563
6.88235282897949
12.1176471710205
2.41176462173462
4.29411745071411
7.29411745071411
3.29411768913269
0.117647059261799
0.294117659330368
0.176470592617989
0.176470592617989
0.235294118523598
0.235294118523598
0
0
0
0.0588235296308994
0.176470592617989
0.117647059261799
0.176470592617989
0.0588235296308994
0
0.294117659330368
0.352941185235977
0.294117659330368
0.470588237047195
0.352941185235977
0.411764711141586
0.588235318660736
0.529411792755127
0.764705896377563
1
1.11764705181122
1.58823525905609
1.94117641448975
3.23529410362244
3
4.17647075653076
4.11764717102051
3.88235282897949
4.29411745071411
4.88235282897949
5.23529434204102
6.76470565795898
6.05882358551025
7.70588254928589
7.70588254928589
6.76470565795898
6.88235282897949
6.23529434204102
10.4117650985718
9.23529434204102
7.70588254928589
12.235294342041
13.9411764144897
12.0588235855103
11.6470584869385
13.4117650985718
14.3529415130615
13.1764707565308
10.9411764144897
12.5882349014282
12.2941179275513
15.5882349014282
15.7058820724487
16.1764698028564
16.8823528289795
19.1176471710205
20.529411315918
3.64705872535706
5.88235282897949
5.52941179275513
3.94117641448975
4.41176462173462
3.05882358551025
1.41176474094391
6.11764717102051
3.76470589637756
3.94117641448975
5.11764717102051
4.70588254928589
4.76470565795898
3.05882358551025
2.05882358551025
1.05882358551025
1.70588231086731
1.41176474094391
0.117647059261799
0.117647059261799
0
0.0588235296308994
0
0
0.176470592617989
0.0588235296308994
0
0
0
0.0588235296308994
0.176470592617989
0.0588235296308994
0.0588235296308994
0.235294118523598
0.411764711141586
0.411764711141586
0.411764711141586
0.294117659330368
0.588235318660736
1.17647063732147
1.05882358551025
1.29411768913269
1.41176474094391
2.23529410362244
2.47058820724487
3
4
3.52941179275513
4.70588254928589
4.94117641448975
5.11764717102051
5.76470565795898
6.88235282897949
7.41176462173462
7.47058820724487
7.52941179275513
9.11764717102051
10.235294342041
8.41176509857178
7.94117641448975
11.8235292434692
9.58823490142822
10.6470584869385
12.7058820724487
12.9411764144897
11.4117650985718
11.529411315918
12.529411315918
14.4117650985718
14.7058820724487
20.8823528289795
20.6470584869385
21.8235301971436
22.5882358551025
16.764705657959
18.3529415130615
18.705883026123
20.8823528289795
21.294116973877
21.470588684082
7.47058820724487
9.23529434204102
12.9411764144897
6.35294103622437
1.05882358551025
1.64705884456635
2
2.35294127464294
4.58823537826538
2.29411768913269
1.58823525905609
0.588235318660736
0.294117659330368
0.352941185235977
0.176470592617989
0.0588235296308994
0.294117659330368
0.0588235296308994
0.0588235296308994
0.0588235296308994
0
0
0
0
0
0
0.0588235296308994
0.117647059261799
0.235294118523598
0.176470592617989
0.235294118523598
0.235294118523598
0.235294118523598
0.294117659330368
0.470588237047195
0.411764711141586
0.647058844566345
1
1.52941179275513
2.35294127464294
2.11764717102051
2.47058820724487
2.47058820724487
3.47058820724487
3.70588231086731
3.35294127464294
5.05882358551025
7.88235282897949
6.05882358551025
6.52941179275513
7.17647075653076
7.58823537826538
8.23529434204102
8.64705848693848
7.94117641448975
9.35294151306152
10.2941179275513
10
5.17647075653076
8.47058868408203
9.52941131591797
9.47058868408203
10.470588684082
11
11.235294342041
12.3529415130615
12.1176471710205
13.529411315918
14.1176471710205
15.6470584869385
17
15.2941179275513
17.705883026123
18.705883026123
19.294116973877
21.4117641448975
23.3529415130615
23.529411315918
23.6470584869385
23.764705657959
2.58823537826538
2.23529410362244
6.05882358551025
11
2.70588231086731
3.17647051811218
3.94117641448975
2.17647051811218
1
0.411764711141586
0.470588237047195
0.176470592617989
0.0588235296308994
0.235294118523598
0.117647059261799
0.0588235296308994
0.0588235296308994
0
0.0588235296308994
0
0
0
0.0588235296308994
0.176470592617989
0.0588235296308994
0.176470592617989
0.235294118523598
0.117647059261799
0.117647059261799
0.294117659330368
0.352941185235977
0.235294118523598
0.411764711141586
0.352941185235977
0.470588237047195
0.764705896377563
1.11764705181122
1.64705884456635
2.23529410362244
3.11764717102051
4.47058820724487
5.05882358551025
5
5.17647075653076
4.82352924346924
6.47058820724487
9.64705848693848
7.52941179275513
7.35294103622437
6.29411745071411
8.05882358551025
9
8.29411792755127
9.94117641448975
13.764705657959
12.0588235855103
11.5882349014282
8.17647075653076
11
11.1176471710205
9.47058868408203
10
10.3529415130615
11.470588684082
12.235294342041
12.8823528289795
13.4117650985718
13.5882349014282
13.7058820724487
16.705883026123
14.7058820724487
14.764705657959
15.5882349014282
18.6470584869385
21.1176471710205
22.764705657959
25.235294342041
26
27.764705657959
28.8823528289795
5.52941179275513
2.70588231086731
1.41176474094391
0.764705896377563
1.17647063732147
3.94117641448975
0.764705896377563
0.294117659330368
0.352941185235977
0.117647059261799
0.0588235296308994
0.294117659330368
0
0.0588235296308994
0
0.0588235296308994
0
0
0
0.0588235296308994
0
0.0588235296308994
0.176470592617989
0.176470592617989
0.411764711141586
0.294117659330368
0.117647059261799
0.411764711141586
0.941176474094391
0.941176474094391
0.470588237047195
0.529411792755127
0.411764711141586
0.941176474094391
0.764705896377563
1.47058820724487
1.58823525905609
2.11764717102051
3.11764717102051
3.58823537826538
4.47058820724487
4.52941179275513
5
5.35294103622437
6.70588254928589
9
7.52941179275513
7.41176462173462
6.29411745071411
7.47058820724487
8.82352924346924
8
9.76470565795898
10.5882349014282
11.8823528289795
14.8235292434692
14.235294342041
15.6470584869385
13.1764707565308
13.8235292434692
11.1176471710205
11.235294342041
11.470588684082
13.5882349014282
14.235294342041
14.235294342041
14.2941179275513
14.470588684082
14.9411764144897
20.0588226318359
22.294116973877
18.1176471710205
18.9411773681641
19.294116973877
21.9411773681641
25.4117641448975
27.5882358551025
29.6470584869385
31.470588684082
31.470588684082
18
4.47058820724487
1.11764705181122
0.529411792755127
1.58823525905609
2.35294127464294
1.82352936267853
0.647058844566345
0.294117659330368
0.117647059261799
0
0
0
0
0
0
0.235294118523598
0.705882370471954
0.411764711141586
0.0588235296308994
0.0588235296308994
0.0588235296308994
0.0588235296308994
0
0.117647059261799
0.411764711141586
0.941176474094391
3.35294127464294
2.82352948188782
2.88235282897949
2.76470589637756
1.35294115543365
0.647058844566345
0.647058844566345
0.705882370471954
1.82352936267853
2.88235282897949
2.88235282897949
3.82352948188782
4
5.58823537826538
5.70588254928589
7.11764717102051
8
8.94117641448975
6.52941179275513
6.76470565795898
6.52941179275513
6.17647075653076
6.94117641448975
7.41176462173462
7.35294103622437
8.41176509857178
9.47058868408203
10.4117650985718
11.7058820724487
15.235294342041
13.1176471710205
15.7058820724487
11.4117650985718
11.3529415130615
11.5882349014282
12.9411764144897
14.1764707565308
16.5882358551025
17.470588684082
17.0588226318359
17.8235301971436
17.294116973877
20.235294342041
17.470588684082
21.1176471710205
20.4117641448975
23.764705657959
27
28.294116973877
29.9411773681641
31.8235301971436
32.8235282897949
33
9.29411792755127
5.70588254928589
0.647058844566345
0.764705896377563
0.882352948188782
1.11764705181122
2.29411768913269
3
0.823529422283173
0.176470592617989
0.117647059261799
0.0588235296308994
0.0588235296308994
0
0.176470592617989
0.764705896377563
0.294117659330368
0.470588237047195
0.117647059261799
0.117647059261799
0.294117659330368
0
0
0
0.0588235296308994
0.117647059261799
0.470588237047195
1.47058820724487
3.17647051811218
4.23529434204102
4.41176462173462
2.70588231086731
2.17647051811218
1.76470589637756
2
2.11764717102051
3
3.23529410362244
3.94117641448975
5
7.11764717102051
7
7.94117641448975
6.17647075653076
7.94117641448975
6.64705896377563
6.58823537826538
6.05882358551025
6.94117641448975
6.29411745071411
6.41176462173462
6.64705896377563
8.11764717102051
8.47058868408203
10
11.8235292434692
15.0588235855103
18.529411315918
11.6470584869385
13.1764707565308
11.8823528289795
13.764705657959
16.1764698028564
17.5882358551025
20.1176471710205
21.9411773681641
25.294116973877
29
28.3529415130615
16.9411773681641
19.9411773681641
23.235294342041
24.235294342041
27.0588226318359
29.0588226318359
31
31.294116973877
33.3529396057129
34.8823547363281
33.470588684082
3.76470589637756
2.29411768913269
1.70588231086731
2.35294127464294
1.70588231086731
1
1.17647063732147
0.117647059261799
0
0.764705896377563
1.41176474094391
1.94117641448975
0.588235318660736
0.470588237047195
0.0588235296308994
0.235294118523598
0.352941185235977
0.470588237047195
0.764705896377563
0.647058844566345
0.823529422283173
0.176470592617989
0.117647059261799
0.117647059261799
0.117647059261799
0.117647059261799
0.117647059261799
0.647058844566345
2.11764717102051
2.58823537826538
2
3.88235282897949
4
1.94117641448975
2.35294127464294
3.17647051811218
3.94117641448975
5.23529434204102
6.23529434204102
7.41176462173462
6.70588254928589
8.05882358551025
7.76470565795898
7.88235282897949
7.29411745071411
7.29411745071411
6.70588254928589
6.47058820724487
7
7.64705896377563
8.64705848693848
8.17647075653076
8.47058868408203
9.82352924346924
11.1176471710205
11.2941179275513
14.5882349014282
13.1176471710205
12.1176471710205
14
14.6470584869385
16.5882358551025
17
17.705883026123
20.9411773681641
23.9411773681641
28.8823528289795
20.1176471710205
11.7058820724487
24.470588684082
23.5882358551025
22.8823528289795
26.529411315918
31.8823528289795
33.529411315918
34.294116973877
33.470588684082
34.529411315918
34.705883026123
35.470588684082
1.52941179275513
10.0588235855103
10.764705657959
5.17647075653076
2.41176462173462
2
1.05882358551025
1
0.352941185235977
0.294117659330368
0.294117659330368
0.588235318660736
0.235294118523598
0.176470592617989
0.117647059261799
0.470588237047195
0.529411792755127
1
0.764705896377563
1.23529410362244
1.35294115543365
0.823529422283173
0.764705896377563
0.470588237047195
0.411764711141586
0.352941185235977
0.882352948188782
0.764705896377563
1.05882358551025
2
4.47058820724487
2.41176462173462
2.70588231086731
4.17647075653076
4
4.41176462173462
5.58823537826538
7
6.05882358551025
7.76470565795898
8.17647075653076
7.23529434204102
7.11764717102051
7.52941179275513
7.05882358551025
7.11764717102051
7.35294103622437
7.94117641448975
8.52941131591797
8.41176509857178
7.94117641448975
8.64705848693848
9.35294151306152
10.0588235855103
11.1176471710205
11.8823528289795
14.470588684082
14.3529415130615
15.9411764144897
17.6470584869385
19.8823528289795
19.3529415130615
20.764705657959
17.0588226318359
17.8235301971436
19.1176471710205
33.764705657959
37.4117660522461
26.4117641448975
26.9411773681641
25.705883026123
29.1764698028564
34.8823547363281
37.8235282897949
38.1176452636719
36.3529396057129
33.529411315918
34.294116973877
35.705883026123
38.8235282897949
4.35294103622437
11.1764707565308
15.9411764144897
13.529411315918
16.8823528289795
5.82352924346924
0.647058844566345
0.235294118523598
1
0.352941185235977
0.588235318660736
0.294117659330368
0.294117659330368
0.529411792755127
0.470588237047195
0.764705896377563
0.823529422283173
0.705882370471954
0.941176474094391
1.11764705181122
1.58823525905609
1.29411768913269
0.941176474094391
0.882352948188782
1.35294115543365
1.29411768913269
1
1.11764705181122
1.23529410362244
2.35294127464294
3.88235282897949
3.05882358551025
0.941176474094391
1.94117641448975
3.88235282897949
6
7.17647075653076
8.76470565795898
8.58823490142822
7.82352924346924
7.94117641448975
8.11764717102051
9.52941131591797
8.64705848693848
9
8.29411792755127
9.17647075653076
8.70588207244873
8.64705848693848
7.94117641448975
8.58823490142822
8.82352924346924
9.41176509857178
10.0588235855103
11.4117650985718
13
18.5882358551025
19.8823528289795
19.5882358551025
21.294116973877
23.0588226318359
21.8235301971436
21.235294342041
17.470588684082
17.0588226318359
21.1764698028564
30.8235301971436
29.5882358551025
33.529411315918
31.470588684082
33.529411315918
35.705883026123
37.1176452636719
36.6470603942871
36.235294342041
37
36.764705657959
37.3529396057129
37.764705657959
37.529411315918
5.47058820724487
6.76470565795898
9.64705848693848
12.7058820724487
11.764705657959
12.7058820724487
2.29411768913269
0.235294118523598
0.235294118523598
0.882352948188782
1.05882358551025
0.470588237047195
0.117647059261799
0.294117659330368
0.470588237047195
0.529411792755127
0.588235318660736
0.764705896377563
0.882352948188782
1.52941179275513
1.52941179275513
1.64705884456635
2.76470589637756
1.11764705181122
1.29411768913269
2.17647051811218
2.76470589637756
1.52941179275513
1.35294115543365
2.52941179275513
2.82352948188782
4.47058820724487
3.29411768913269
1.94117641448975
5.64705896377563
8.41176509857178
10.529411315918
12.8235292434692
10.529411315918
9.94117641448975
11.235294342041
9.23529434204102
10.3529415130615
9.94117641448975
9.29411792755127
9.82352924346924
9.52941131591797
9
9.47058868408203
9.05882358551025
9.17647075653076
9.82352924346924
10.9411764144897
11.4117650985718
12.5882349014282
14.1176471710205
15.4117650985718
20.3529415130615
21.470588684082
22.764705657959
19.8823528289795
19.705883026123
21.8823528289795
36.235294342041
35.0588226318359
33.4117660522461
33.235294342041
35.529411315918
36.3529396057129
38.4117660522461
35.8823547363281
35
34.705883026123
33.764705657959
34.529411315918
35.9411773681641
34.8235282897949
35.294116973877
35.3529396057129
34.6470603942871
7.52941179275513
4.35294103622437
4
6.35294103622437
9.82352924346924
20.1176471710205
12.235294342041
2.17647051811218
1.76470589637756
0.411764711141586
0.411764711141586
0.352941185235977
0.411764711141586
0.647058844566345
0.176470592617989
0.0588235296308994
0.352941185235977
0.235294118523598
0.470588237047195
0.529411792755127
1.11764705181122
1.76470589637756
2.76470589637756
2.58823537826538
3.70588231086731
5.76470565795898
4.64705896377563
6.82352924346924
4.82352924346924
4.11764717102051
4.35294103622437
5.82352924346924
5.47058820724487
3.05882358551025
10.5882349014282
17.6470584869385
15.4117650985718
15.8823528289795
14.8235292434692
11.764705657959
10.8235292434692
12.764705657959
9.76470565795898
9.29411792755127
10.470588684082
10.529411315918
10.1764707565308
9.88235282897949
10
10.9411764144897
10.764705657959
10.1176471710205
12.2941179275513
12.8823528289795
14.3529415130615
16.470588684082
19.764705657959
23.529411315918
24.9411773681641
25.1176471710205
25.470588684082
29.294116973877
24.8235301971436
31.8823528289795
36.470588684082
39.529411315918
37.8235282897949
38.0588226318359
37.529411315918
37.5882339477539
35.6470603942871
34.1176452636719
33
32.529411315918
33.0588226318359
33.5882339477539
32.0588226318359
32.705883026123
33.5882339477539
33.470588684082
4.11764717102051
2.52941179275513
2
2.41176462173462
3.70588231086731
7.47058820724487
20
17.9411773681641
3.88235282897949
0.235294118523598
0.941176474094391
1.41176474094391
1.23529410362244
0.941176474094391
0.823529422283173
0.588235318660736
0.823529422283173
0.352941185235977
1.05882358551025
0.588235318660736
1.76470589637756
3.17647051811218
4.82352924346924
7.41176462173462
8.58823490142822
6.11764717102051
7.23529434204102
6.94117641448975
6.47058820724487
4.70588254928589
8.05882358551025
6.52941179275513
6.52941179275513
4.76470565795898
15.0588235855103
11.7058820724487
16.8235301971436
17.1764698028564
22
15.7058820724487
12.1176471710205
11.5882349014282
12.4117650985718
12
13.4117650985718
11.2941179275513
13.5882349014282
13
13.764705657959
14
12.7058820724487
13.764705657959
12.529411315918
13.8823528289795
16.4117641448975
19.1764698028564
21.529411315918
24.5882358551025
28.705883026123
27.764705657959
32.529411315918
24.1764698028564
35
35.5882339477539
35.235294342041
33.294116973877
32.1176452636719
32.705883026123
32.235294342041
32.0588226318359
32.529411315918
30.9411773681641
30.8823528289795
30.764705657959
30.6470584869385
31.0588226318359
30.470588684082
30.8235301971436
29.235294342041
29.470588684082
2.35294127464294
1.47058820724487
1
1.64705884456635
2.11764717102051
3.41176462173462
7.23529434204102
20.764705657959
24.9411773681641
12.8823528289795
2.35294127464294
0.823529422283173
2
1.58823525905609
1.76470589637756
1.11764705181122
2
1.52941179275513
2.05882358551025
2.58823537826538
3.76470589637756
3.17647051811218
2.94117641448975
3.70588231086731
4.94117641448975
3.29411768913269
4.94117641448975
5.17647075653076
6.47058820724487
4
6.70588254928589
5.29411745071411
5.29411745071411
15.3529415130615
10.5882349014282
10.9411764144897
13.1176471710205
16.8823528289795
16.294116973877
16.4117641448975
12.4117650985718
15
12.7058820724487
15.2941179275513
16.5882358551025
18.470588684082
17.764705657959
17.3529415130615
17
17
17.235294342041
15.470588684082
14.3529415130615
17.0588226318359
18.705883026123
20.1764698028564
22.0588226318359
26.3529415130615
30.3529415130615
31.764705657959
30.1176471710205
32.529411315918
34.705883026123
32.8823547363281
30
28.8823528289795
27.764705657959
27.0588226318359
27.1176471710205
28.1764698028564
28.5882358551025
27.5882358551025
27.3529415130615
26.1764698028564
27.0588226318359
27.6470584869385
29.8823528289795
29.1764698028564
27.9411773681641
28
1.88235294818878
1.23529410362244
1.05882358551025
1.35294115543365
1.82352936267853
3.94117641448975
5.29411745071411
9.64705848693848
17.3529415130615
21.0588226318359
39.4117660522461
20.1176471710205
3.11764717102051
1.58823525905609
3.23529410362244
4.29411745071411
2
4.41176462173462
6.35294103622437
2.17647051811218
1.17647063732147
3.52941179275513
2.70588231086731
2.52941179275513
7.11764717102051
24.3529415130615
4.05882358551025
5
5.17647075653076
5.47058820724487
6.88235282897949
3.94117641448975
12
23.235294342041
11.7058820724487
13.0588235855103
16.0588226318359
14.3529415130615
18.6470584869385
26.1764698028564
21.705883026123
17.705883026123
15.8823528289795
18.4117641448975
17.705883026123
19.294116973877
23.294116973877
26.6470584869385
22.764705657959
20.1764698028564
18.1764698028564
19.9411773681641
17.1176471710205
18.8823528289795
20.705883026123
22.9411773681641
24.529411315918
28.8823528289795
33.470588684082
31.470588684082
31.294116973877
30.1176471710205
30.8235301971436
27.764705657959
26.9411773681641
26.1764698028564
25.764705657959
25.0588226318359
24.294116973877
23.470588684082
23.8235301971436
24.705883026123
24.8235301971436
25.235294342041
25.529411315918
27.470588684082
26.5882358551025
27.6470584869385
27.5882358551025
26.0588226318359
1
0.941176474094391
0.588235318660736
1.35294115543365
2.29411768913269
4.47058820724487
6.76470565795898
9.76470565795898
12.8235292434692
22.4117641448975
32.1176452636719
41.529411315918
26.0588226318359
12.470588684082
11.8235292434692
1.58823525905609
1.94117641448975
1.17647063732147
1.52941179275513
2
2.29411768913269
1.88235294818878
2.76470589637756
25.0588226318359
99.2941207885742
117.411766052246
78.470588684082
10.764705657959
9.11764717102051
5.88235282897949
6.05882358551025
6.41176462173462
10.4117650985718
8.76470565795898
17.8823528289795
21.5882358551025
15.470588684082
18.294116973877
21.6470584869385
25.705883026123
22.764705657959
24.3529415130615
20.8235301971436
21.8823528289795
24.8823528289795
25.6470584869385
28.529411315918
29.9411773681641
24.294116973877
20.8823528289795
17.8823528289795
20.294116973877
21.235294342041
22.764705657959
23.294116973877
23.0588226318359
25.294116973877
29.8823528289795
27.8235301971436
27.4117641448975
26.705883026123
26.6470584869385
25.529411315918
24.294116973877
24.0588226318359
22.705883026123
22.764705657959
23.294116973877
23.1176471710205
22.1764698028564
22.529411315918
23.235294342041
23.705883026123
23.8823528289795
23.8235301971436
23.3529415130615
24.764705657959
25.1764698028564
26.5882358551025
26.470588684082
1.41176474094391
1.35294115543365
1.35294115543365
1.64705884456635
4.05882358551025
4.47058820724487
9.41176509857178
12.1764707565308
13.6470584869385
16.294116973877
20.0588226318359
20.1764698028564
19.4117641448975
29.764705657959
40.0588226318359
59.5882339477539
23.705883026123
19.4117641448975
16.235294342041
11.7058820724487
24.529411315918
28.4117641448975
27.9411773681641
61
126.35294342041
117.941177368164
89.470588684082
136
92.0588226318359
19.1764698028564
13.5882349014282
13.4117650985718
11.4117650985718
12.529411315918
10.529411315918
11.7058820724487
17.705883026123
15.764705657959
18.9411773681641
26.5882358551025
22.764705657959
23
22.705883026123
24.1764698028564
27.4117641448975
26.9411773681641
30.235294342041
29.529411315918
29.0588226318359
18.529411315918
21.470588684082
21.235294342041
22.705883026123
21.9411773681641
21.764705657959
22.235294342041
27.470588684082
26.4117641448975
23.8823528289795
24.0588226318359
24.9411773681641
23.6470584869385
23.1176471710205
22.1176471710205
21.6470584869385
21.235294342041
23
22.9411773681641
23.470588684082
22.235294342041
21.5882358551025
21.764705657959
20.3529415130615
22.235294342041
22.235294342041
23.470588684082
23.294116973877
24.764705657959
24.8235301971436
25.1764698028564
1.58823525905609
1.35294115543365
2.35294127464294
3.58823537826538
4.17647075653076
7.47058820724487
9.29411792755127
13.8235292434692
16.764705657959
17.8235301971436
19.294116973877
22.705883026123
25.4117641448975
26.3529415130615
22.4117641448975
24
26.4117641448975
28.9411773681641
80.1176452636719
93.8235321044922
108.705879211426
97.1176452636719
109.529411315918
106.764709472656
89.529411315918
37.0588226318359
91
88.1176452636719
71.9411773681641
20.705883026123
29.764705657959
32.3529396057129
21.8823528289795
17.470588684082
12.4117650985718
17.3529415130615
16
19.764705657959
19.705883026123
23.8235301971436
18.8235301971436
24
25.764705657959
21.235294342041
22.764705657959
25.294116973877
26.9411773681641
23.470588684082
20.1176471710205
22.764705657959
18.705883026123
22.705883026123
21.8235301971436
21.1764698028564
20.705883026123
22.5882358551025
24.6470584869385
21.1764698028564
21.470588684082
22.0588226318359
22.4117641448975
20.5882358551025
20.5882358551025
19.705883026123
20.5882358551025
21.1764698028564
21.0588226318359
22.705883026123
23.9411773681641
22.9411773681641
20.4117641448975
21.0588226318359
19.764705657959
19.529411315918
22.529411315918
22.1764698028564
22.4117641448975
21.1176471710205
23.235294342041
22.3529415130615
1.82352936267853
2.58823537826538
3.82352948188782
5.41176462173462
4.64705896377563
8.76470565795898
12.2941179275513
11.7058820724487
19.1764698028564
21.470588684082
22.1764698028564
24.4117641448975
24.4117641448975
28
24.764705657959
23.294116973877
27.294116973877
35
40.0588226318359
59.5882339477539
67.4117660522461
40.9411773681641
39.705883026123
46.470588684082
37.8823547363281
80.8823547363281
62.5882339477539
80
49.294116973877
26.705883026123
18.1764698028564
19.764705657959
19
19.705883026123
14.529411315918
22.529411315918
18.8235301971436
20.529411315918
25.235294342041
36.529411315918
38
24.764705657959
21.4117641448975
19.529411315918
23.9411773681641
22.764705657959
21.705883026123
15.8823528289795
16.8235301971436
18.6470584869385
20.5882358551025
17.8235301971436
14.764705657959
19.529411315918
23.1176471710205
22.529411315918
21.8235301971436
20.764705657959
20.1764698028564
19.529411315918
17.9411773681641
18.0588226318359
18.705883026123
18.8235301971436
18.5882358551025
18.764705657959
19.294116973877
21.470588684082
23.0588226318359
22.235294342041
21.705883026123
20.0588226318359
19.9411773681641
19.705883026123
20.705883026123
21.0588226318359
21.294116973877
21.3529415130615
21.6470584869385
20.705883026123
NA
NA
5.88235282897949
4
8.05882358551025
8.82352924346924
13.5882349014282
11.5882349014282
17.470588684082
19.1176471710205
18.8823528289795
22.294116973877
22.3529415130615
22.8823528289795
22
17.1176471710205
17.764705657959
26.3529415130615
30.0588226318359
35.1176452636719
50.705883026123
67.1764678955078
69.470588684082
32.1764717102051
69.470588684082
51.294116973877
74.9411773681641
67.9411773681641
34.1176452636719
22.8823528289795
21.8235301971436
17.8823528289795
11.4117650985718
13.7058820724487
21.8823528289795
17.705883026123
16.764705657959
25.529411315918
28.529411315918
34.0588226318359
21.8235301971436
29.6470584869385
24.5882358551025
28.9411773681641
16.8235301971436
25.1764698028564
19.8235301971436
22.3529415130615
17.3529415130615
18
18.294116973877
9.76470565795898
14.764705657959
21.1764698028564
22.4117641448975
20.8235301971436
20.1764698028564
19.8823528289795
19.4117641448975
18.5882358551025
17.9411773681641
18.8235301971436
20.3529415130615
19.3529415130615
18
18
19.705883026123
22.4117641448975
23.1764698028564
22.1764698028564
21.4117641448975
19.235294342041
19.8235301971436
20.6470584869385
20.4117641448975
20.705883026123
20.764705657959
21.0588226318359
20.9411773681641
21.470588684082
NA
NA
5.35294103622437
7.11764717102051
9.52941131591797
7.41176462173462
10.9411764144897
13.4117650985718
15.1764707565308
19.6470584869385
18.8235301971436
20.705883026123
14.7058820724487
16.705883026123
13.6470584869385
15
20.8235301971436
21.235294342041
19.705883026123
22.705883026123
39.4117660522461
26.764705657959
18.6470584869385
17.470588684082
55.8823547363281
17.1176471710205
33.1764717102051
20.5882358551025
35
16.705883026123
22.294116973877
16
14.2941179275513
12.529411315918
11.1176471710205
14.1764707565308
18.9411773681641
24.0588226318359
23.3529415130615
24.0588226318359
29.5882358551025
22.6470584869385
30.3529415130615
37.1764717102051
29.764705657959
13.7058820724487
30.3529415130615
12.8235292434692
13.8235292434692
18.3529415130615
16.705883026123
7.76470565795898
18.470588684082
22.764705657959
21.470588684082
21.1176471710205
21.235294342041
21.1176471710205
20.235294342041
20
20.1176471710205
20.4117641448975
19.5882358551025
19.8235301971436
20.705883026123
21
21.294116973877
21.5882358551025
23.1764698028564
23.5882358551025
23.0588226318359
21.5882358551025
20.235294342041
21.0588226318359
21.8823528289795
21.4117641448975
22.235294342041
21.9411773681641
20.6470584869385
21.470588684082
NA
NA
NA
6.70588254928589
4.94117641448975
6.94117641448975
11.235294342041
16.8823528289795
17.1176471710205
11.9411764144897
21.8823528289795
8.94117641448975
21.1176471710205
17.4117641448975
20.705883026123
13.6470584869385
14.4117650985718
15.470588684082
16.3529415130615
18.6470584869385
25.294116973877
22
23.8823528289795
15.3529415130615
20.4117641448975
10.9411764144897
12.470588684082
22.5882358551025
32.529411315918
17.9411773681641
16.3529415130615
26.3529415130615
44.8235282897949
17.764705657959
23.8823528289795
27.470588684082
21.235294342041
15.5882349014282
17.8823528289795
17.0588226318359
17.764705657959
11.764705657959
20.1176471710205
14.764705657959
25.8235301971436
18.9411773681641
20.764705657959
19.1764698028564
20.1764698028564
27.4117641448975
16.235294342041
10.470588684082
25.8235301971436
25.1764698028564
23.705883026123
24.294116973877
22.9411773681641
22.4117641448975
21.4117641448975
21.235294342041
21.705883026123
20.8235301971436
21.3529415130615
23.0588226318359
23.235294342041
23.764705657959
23.9411773681641
23.294116973877
24.0588226318359
24.5882358551025
23.8235301971436
22.9411773681641
21.1764698028564
22.235294342041
21.705883026123
23.4117641448975
21.470588684082
21.8823528289795
22.8823528289795
23.1176471710205
NA
NA
NA
10.9411764144897
3.35294127464294
7.29411745071411
10.470588684082
8.23529434204102
8.52941131591797
13.8823528289795
16.6470584869385
17
17.8235301971436
20.3529415130615
18.235294342041
11.4117650985718
15.6470584869385
9.82352924346924
27.235294342041
17.8235301971436
43.1764717102051
52.8235282897949
29.529411315918
11
10.4117650985718
5.23529434204102
8.82352924346924
12.1764707565308
41.470588684082
13.1764707565308
18.470588684082
15.4117650985718
19.4117641448975
25
17.9411773681641
28.8235301971436
12.529411315918
13.1176471710205
16.0588226318359
12.1764707565308
18.4117641448975
19.1764698028564
22.9411773681641
22.3529415130615
21.235294342041
21.4117641448975
23.4117641448975
24.6470584869385
26.705883026123
32.3529396057129
32.8235282897949
33.235294342041
30.1176471710205
25.529411315918
23.235294342041
23.529411315918
23.1764698028564
21.235294342041
21.1176471710205
20.764705657959
22.1764698028564
23.764705657959
24.470588684082
25.4117641448975
24.5882358551025
24.235294342041
24.5882358551025
24.8235301971436
24.3529415130615
23.5882358551025
24.529411315918
23.4117641448975
22.9411773681641
22.6470584869385
22.529411315918
22.470588684082
22.0588226318359
21.5882358551025
22.0588226318359
20.9411773681641
NA
NA
NA
11.1764707565308
2.17647051811218
4.41176462173462
6.52941179275513
9.05882358551025
11.4117650985718
16.1176471710205
19.529411315918
18.4117641448975
11.2941179275513
20.4117641448975
10.1176471710205
14.764705657959
15.8823528289795
25.6470584869385
27.764705657959
30.6470584869385
38.8823547363281
52.529411315918
17.294116973877
53
13.6470584869385
7.29411745071411
8.94117641448975
5.76470565795898
10.7058820724487
17.705883026123
35.235294342041
14.4117650985718
20.764705657959
11.6470584869385
12.2941179275513
19.9411773681641
16.470588684082
20.9411773681641
21.5882358551025
17.705883026123
14.1176471710205
19.3529415130615
21
22.3529415130615
23.5882358551025
24.1764698028564
23.8823528289795
26.9411773681641
31.5882358551025
34.764705657959
38.529411315918
36.8235282897949
30.9411773681641
26.3529415130615
23.470588684082
23.0588226318359
23.5882358551025
23.8823528289795
23.3529415130615
22.764705657959
24.1176471710205
24.4117641448975
26.9411773681641
26.3529415130615
25.8235301971436
25.470588684082
27.294116973877
27
25.6470584869385
25.4117641448975
24.294116973877
23.8235301971436
24.8823528289795
23.9411773681641
21.6470584869385
22.3529415130615
21.5882358551025
21.1176471710205
21.294116973877
22.3529415130615
NA
NA
NA
NA
2.05882358551025
3.58823537826538
6.11764717102051
8.47058868408203
9.82352924346924
12.2941179275513
23.9411773681641
10.6470584869385
15.470588684082
9.41176509857178
9.23529434204102
19.6470584869385
23
24.4117641448975
25.529411315918
28.1764698028564
33.529411315918
44.3529396057129
59.4117660522461
57.1176452636719
17.1764698028564
16.6470584869385
25.764705657959
10.2941179275513
7
16.1176471710205
13.3529415130615
12.6470584869385
13.1764707565308
8.23529434204102
12.1764707565308
15.9411764144897
23.3529415130615
20.8235301971436
17.8235301971436
11.529411315918
15.8235292434692
19.3529415130615
23.4117641448975
24.705883026123
26.705883026123
27.4117641448975
28.5882358551025
31.8823528289795
34.9411773681641
40.5882339477539
42.5882339477539
30.8235301971436
27.470588684082
24.1176471710205
22.4117641448975
22.1176471710205
23.9411773681641
25.470588684082
26.8235301971436
26.5882358551025
28.0588226318359
28.0588226318359
27.9411773681641
28.0588226318359
28.6470584869385
29.4117641448975
29.0588226318359
28.764705657959
27.705883026123
25.3529415130615
25.5882358551025
25.6470584869385
24.8235301971436
23.0588226318359
22.0588226318359
20.529411315918
20.529411315918
21.0588226318359
22.4117641448975
22.5882358551025
NA
NA
NA
NA
2
2.76470589637756
3.88235282897949
7.23529434204102
7.76470565795898
9.76470565795898
15.4117650985718
20.764705657959
10.764705657959
11.8235292434692
13.529411315918
21.1176471710205
23.9411773681641
26.1764698028564
27
29.0588226318359
32.764705657959
41.470588684082
54.6470603942871
75
41.470588684082
30.470588684082
55.8235282897949
9.17647075653076
8.23529434204102
12.2941179275513
10.764705657959
19.1176471710205
38.1176452636719
47.529411315918
11.7058820724487
18.9411773681641
23.705883026123
18.1764698028564
12.4117650985718
13.4117650985718
11.0588235855103
23.8235301971436
27.1764698028564
27.8823528289795
29.0588226318359
31
33.705883026123
36.470588684082
40.5882339477539
47.5882339477539
21
20.5882358551025
25.470588684082
24.9411773681641
24.235294342041
25.470588684082
29.1764698028564
30.294116973877
32
31.529411315918
33.235294342041
32.705883026123
33.1764717102051
32.235294342041
32.235294342041
31.9411773681641
30.8823528289795
29.8235301971436
29
27.764705657959
27
27.0588226318359
26.1176471710205
26.1176471710205
22.8235301971436
20.529411315918
21.4117641448975
21.529411315918
20.764705657959
21.529411315918
NA
NA
NA
NA
NA
3.29411768913269
4
6.35294103622437
4.64705896377563
6.88235282897949
9.23529434204102
13.2941179275513
7.17647075653076
12
21.9411773681641
25.3529415130615
27.4117641448975
28.470588684082
29.5882358551025
31.3529415130615
35.9411773681641
42.8235282897949
52.705883026123
73.3529434204102
4.94117641448975
58.470588684082
83.7647094726562
102.64705657959
6.82352924346924
13.235294342041
10.764705657959
10.1176471710205
11.235294342041
11.235294342041
35.0588226318359
19.470588684082
17.3529415130615
20.3529415130615
18.9411773681641
20.9411773681641
25
24.705883026123
27.529411315918
29.470588684082
31.8823528289795
33.705883026123
37.1764717102051
42.0588226318359
48.1764717102051
53.5882339477539
18.1764698028564
8.29411792755127
12.1764707565308
30.470588684082
29.3529415130615
31.8823528289795
34.8823547363281
36.0588226318359
37
38.5882339477539
37.529411315918
37.5882339477539
37.1176452636719
35.529411315918
35.5882339477539
32.9411773681641
32.529411315918
31.3529415130615
29.9411773681641
29.1764698028564
30.1764698028564
26.6470584869385
26.4117641448975
25
21.8235301971436
21.0588226318359
21.294116973877
21.1764698028564
20.470588684082
20.3529415130615
NA
NA
NA
NA
NA
2.35294127464294
3.29411768913269
5.23529434204102
5.11764717102051
6.52941179275513
7.64705896377563
6.11764717102051
14.2941179275513
23.0588226318359
25.0588226318359
26.1764698028564
28.9411773681641
29.764705657959
30.9411773681641
34.8235282897949
39
44.294116973877
51.764705657959
66.8823547363281
32.529411315918
19.5882358551025
27.470588684082
70.4117660522461
21.0588226318359
12.6470584869385
7.11764717102051
4.94117641448975
10.235294342041
8.35294151306152
9.41176509857178
25.705883026123
8.52941131591797
36.5882339477539
24.529411315918
22.705883026123
22.470588684082
25
25.9411773681641
30.529411315918
35.294116973877
39.705883026123
43.529411315918
46.9411773681641
53.529411315918
58.4117660522461
24.3529415130615
7.82352924346924
35
39.294116973877
38.6470603942871
41.1176452636719
42.705883026123
42.235294342041
41.8235282897949
41.294116973877
41.235294342041
41.3529396057129
38.3529396057129
38
37.1764717102051
35.470588684082
34.470588684082
32.235294342041
31.470588684082
30.3529415130615
30.1764698028564
29
27.6470584869385
25
21.8235301971436
21.705883026123
22.1764698028564
21.235294342041
20.9411773681641
21.1764698028564
NA
NA
NA
NA
NA
2.52941179275513
3
3.11764717102051
4.47058820724487
4.82352924346924
9.11764717102051
16.8235301971436
21.235294342041
24.294116973877
25.9411773681641
26.764705657959
29.235294342041
30.764705657959
33.9411773681641
38.235294342041
41.8235282897949
45.529411315918
50.1764717102051
58
75
80.2352905273438
86.3529434204102
91.6470565795898
21.8235301971436
9.82352924346924
4.58823537826538
4.70588254928589
4.76470565795898
5.52941179275513
9.82352924346924
28.764705657959
26.0588226318359
4
37.764705657959
26.470588684082
24.0588226318359
24.470588684082
28.5882358551025
34.470588684082
41.705883026123
47.1764717102051
49.8235282897949
50.529411315918
56.764705657959
43.6470603942871
19.8823528289795
5.76470565795898
40.0588226318359
43.9411773681641
44.0588226318359
44.8823547363281
45.9411773681641
45.764705657959
44.294116973877
43.235294342041
42.764705657959
40.0588226318359
40.8823547363281
39.1764717102051
39.0588226318359
37.5882339477539
35.0588226318359
34.529411315918
35.294116973877
33.0588226318359
31.470588684082
29.6470584869385
27
25.8823528289795
24.9411773681641
22.705883026123
22.8235301971436
22.5882358551025
22.4117641448975
21.235294342041
