"x"
NA
NA
NA
NA
25.3668670654297
26.5201225280762
27.3152198791504
28.4912948608398
28.2236480712891
32.53857421875
29.3704948425293
29.3750991821289
28.4677696228027
34.560676574707
42.9609565734863
35.2629470825195
41.4261856079102
83.7762298583984
72.1538162231445
26.4016761779785
28.1016693115234
33.6349792480469
48.7393188476562
66.9695053100586
78.4062271118164
65.73486328125
63.5157051086426
63.7330474853516
54.3552665710449
48.4884452819824
57.9167823791504
52.4863433837891
54.2469329833984
50.2577056884766
54.0674133300781
42.0029678344727
39.1788864135742
51.7294769287109
40.1607208251953
47.891716003418
45.2429237365723
47.6733055114746
40.3087120056152
53.1377754211426
47.6463470458984
41.1276626586914
38.6474800109863
46.0479507446289
49.8725891113281
48.2282180786133
46.2471733093262
45.7831611633301
47.5966987609863
48.3888816833496
43.714958190918
53.6159820556641
49.3387069702148
56.5316696166992
66.7032470703125
56.3554420471191
50.6402587890625
44.1675262451172
53.8600158691406
64.1768493652344
74.3777313232422
89.5504913330078
80.6491851806641
46.6648406982422
48.8221626281738
48.0343971252441
45.1366958618164
45.1139945983887
45.9818305969238
44.7767601013184
49.90576171875
49.7373809814453
59.4475326538086
62.2455635070801
62.3542633056641
59.2217025756836
27.1489658355713
25.0762462615967
25.079761505127
26.4766330718994
24.4434375762939
23.414571762085
23.015417098999
26.1033382415771
25.4523086547852
29.7965965270996
28.1395397186279
28.5245571136475
29.7103881835938
39.5712738037109
40.9982566833496
39.6493682861328
45.4020233154297
53.035213470459
82.7233352661133
51.1229934692383
31.6320171356201
36.3072891235352
53.0367164611816
90.7075271606445
92.9104461669922
63.6956558227539
55.8669281005859
45.726261138916
48.5955810546875
68.744743347168
77.7092971801758
65.5557174682617
47.8444404602051
50.4141235351562
40.8518295288086
29.6899242401123
38.3807601928711
30.7641563415527
36.6098289489746
43.2225799560547
36.0625610351562
35.1866455078125
36.5141677856445
34.8389129638672
38.0539665222168
38.2739105224609
43.1954879760742
39.1373252868652
50.8903961181641
40.2407417297363
44.3703346252441
46.7111282348633
47.0537719726562
49.8228988647461
40.922679901123
51.1007347106934
45.1556854248047
49.1029891967773
48.5624313354492
49.4439849853516
59.791431427002
63.9085578918457
62.2452430725098
65.2278442382812
54.8418388366699
69.8810119628906
55.0575866699219
66.5703430175781
52.2892189025879
41.8075828552246
57.8561515808105
46.4021949768066
47.7201957702637
45.1851654052734
54.5882110595703
59.4828414916992
61.2162742614746
59.8526077270508
60.0779609680176
58.085865020752
26.5656318664551
26.0086250305176
28.8808917999268
25.0269527435303
25.930118560791
24.1239318847656
21.2519493103027
24.1486339569092
21.0136070251465
22.9601898193359
26.7712917327881
31.2407455444336
43.163257598877
46.8844985961914
46.7743644714355
44.3072547912598
52.6305160522461
72.0485382080078
85.3243103027344
72.7386779785156
67.2339553833008
61.91259765625
50.7543716430664
46.6180152893066
35.6847534179688
40.6609992980957
49.1608657836914
53.8092613220215
53.6631355285645
39.9058380126953
43.4104499816895
75.2434158325195
87.2297058105469
58.9107627868652
47.1468925476074
33.1211814880371
30.8077011108398
44.7802085876465
40.5654258728027
29.3918342590332
27.5383434295654
28.1063671112061
31.601734161377
36.1151428222656
31.998046875
38.7833862304688
37.4951515197754
40.9542846679688
37.5137138366699
37.2153816223145
40.166130065918
45.6554946899414
50.4943923950195
55.0892372131348
51.9113731384277
40.634765625
47.2433586120605
56.0034332275391
50.7902908325195
54.141170501709
68.0852127075195
70.2196960449219
60.177547454834
58.2729721069336
46.4692649841309
69.3524398803711
49.7412796020508
50.4842109680176
55.0127716064453
50.0585403442383
47.3544273376465
48.4050559997559
49.7188301086426
50.7913436889648
55.2250747680664
59.5159072875977
58.4021148681641
61.1324615478516
61.6286544799805
58.4382514953613
32.8514938354492
30.5275325775146
28.879789352417
21.6789493560791
19.195240020752
18.4754600524902
19.7915058135986
17.2260932922363
18.7936763763428
22.7363986968994
29.0405178070068
36.3045272827148
49.6389961242676
49.5322418212891
46.5136680603027
48.1860046386719
79.2707595825195
72.0839538574219
48.7654304504395
29.0022754669189
26.7321395874023
28.060661315918
31.65696144104
25.4042682647705
27.5942230224609
35.5246543884277
37.1888389587402
46.7665214538574
44.9162712097168
40.6209869384766
46.9440612792969
42.4062805175781
54.3605461120605
60.1778221130371
72.2314987182617
59.0089302062988
30.9675350189209
28.875150680542
30.7841949462891
34.2924690246582
33.3909225463867
39.3080024719238
36.1318626403809
38.5037040710449
33.8333129882812
35.8035697937012
32.9841270446777
33.666805267334
36.7896461486816
35.6325569152832
39.5607604980469
39.8945846557617
38.5539245605469
47.3668251037598
40.4292030334473
48.9986877441406
38.528205871582
42.1732215881348
48.47412109375
54.745662689209
53.0724334716797
67.5568695068359
69.7683258056641
70.5994873046875
56.2903213500977
65.5159454345703
56.2299346923828
55.9023628234863
48.680118560791
59.2909507751465
59.5772399902344
50.1289825439453
58.8743476867676
72.172966003418
53.4396705627441
58.6576843261719
68.5131454467773
65.2080459594727
66.6432189941406
65.107666015625
21.2280120849609
23.0271701812744
22.2451038360596
24.255334854126
24.9251079559326
23.9330863952637
23.2165699005127
20.157096862793
23.0158729553223
24.9839363098145
27.8849487304688
34.1621360778809
54.3741493225098
73.6824035644531
40.3135261535645
38.1007461547852
48.5661430358887
34.4000549316406
25.214298248291
27.230920791626
26.8714828491211
24.7264442443848
17.9374160766602
15.2121047973633
17.6844272613525
28.747501373291
31.8946990966797
47.7773590087891
31.1171226501465
35.1365509033203
58.843879699707
41.8531608581543
37.5290603637695
38.4376068115234
29.3653774261475
21.1286392211914
25.4658203125
39.2744941711426
44.0889091491699
49.8251533508301
51.2358016967773
45.7932929992676
36.8439064025879
33.1421012878418
34.3057518005371
30.5634956359863
29.3711090087891
36.1527557373047
36.1053199768066
36.3202362060547
37.3393402099609
42.4527053833008
39.6781997680664
50.4897956848145
51.7279014587402
50.9924240112305
38.8814582824707
42.2680168151855
38.5431213378906
50.0680770874023
52.6140365600586
76.8614120483398
67.3390502929688
67.5492477416992
73.6480026245117
53.7729644775391
51.6124229431152
58.2522811889648
65.052116394043
52.7086296081543
71.2031173706055
53.2053451538086
51.7442016601562
72.9234848022461
54.6943817138672
58.5480117797852
67.324577331543
74.3483276367188
72.9278564453125
68.1915817260742
19.6652908325195
22.5067119598389
23.7779655456543
21.8980693817139
23.7497444152832
25.1841983795166
22.4104614257812
21.1267623901367
19.3735294342041
20.9181213378906
26.4464282989502
29.9892292022705
33.1386756896973
33.834587097168
52.0466232299805
58.0133628845215
43.3812141418457
22.1727085113525
14.9605617523193
17.8140525817871
22.8169479370117
21.3001689910889
12.7255697250366
9.95585060119629
17.8459796905518
19.4213256835938
25.9410724639893
24.0315380096436
25.1015586853027
25.2321434020996
34.6442413330078
31.5586795806885
39.1134185791016
34.666072845459
32.1155700683594
31.6352195739746
42.3741264343262
52.7862434387207
43.2999839782715
44.6545562744141
35.8656158447266
35.453254699707
31.9892234802246
36.6087760925293
36.5610160827637
32.0811767578125
26.1309432983398
29.3561191558838
27.2545585632324
36.6435699462891
37.5524520874023
49.229133605957
40.6002006530762
42.4724159240723
43.2458076477051
52.867431640625
43.2826538085938
42.3638000488281
51.6826400756836
56.3447761535645
64.293815612793
67.2637100219727
50.1439170837402
63.6243476867676
65.7679290771484
55.740119934082
58.8933258056641
85.4535522460938
55.3451805114746
54.4389495849609
69.9493179321289
55.8559799194336
48.5946578979492
64.746696472168
64.2831420898438
64.5019760131836
70.7481689453125
78.8883056640625
79.7220153808594
79.1017227172852
19.1327743530273
21.4447002410889
20.3447551727295
22.5115337371826
20.1619834899902
17.591911315918
18.1265335083008
18.4399852752686
21.2195949554443
18.5736331939697
19.5433883666992
25.3973617553711
31.1276683807373
22.8938255310059
28.8719005584717
34.7167282104492
41.7724838256836
46.9956703186035
15.632345199585
10.5461006164551
19.4590759277344
22.7172145843506
11.0736293792725
7.47467803955078
7.92906188964844
15.5073204040527
14.6414918899536
17.77317237854
22.1720790863037
25.1742172241211
33.1424369812012
37.1717567443848
32.6259727478027
32.6800537109375
34.0568962097168
40.6478424072266
32.7537269592285
31.7611312866211
30.3456745147705
33.4465026855469
26.5732288360596
30.9909610748291
33.8423271179199
40.1923751831055
30.6922264099121
24.1927299499512
25.7597522735596
28.4938125610352
32.6430892944336
46.1645088195801
42.4715156555176
42.7302322387695
37.4830627441406
41.7600555419922
35.4763145446777
46.7522964477539
54.7507972717285
56.0920104980469
64.2445907592773
51.2829895019531
54.6068725585938
62.700927734375
58.4479827880859
64.0598068237305
52.109977722168
58.6051712036133
85.0476608276367
74.0998916625977
46.6120758056641
68.3962707519531
73.6333465576172
68.5096282958984
76.2360687255859
64.1864929199219
62.5093574523926
71.6630401611328
76.7510833740234
81.1629486083984
84.814079284668
80.959358215332
16.0285472869873
17.3290596008301
16.4706649780273
12.8814563751221
14.5067434310913
14.7722434997559
15.5512075424194
13.6123275756836
14.3982925415039
19.1779460906982
30.8906402587891
27.1767311096191
15.1431465148926
15.2076053619385
20.461368560791
19.7986068725586
14.9115447998047
18.4697170257568
28.9212093353271
30.1414012908936
12.5978689193726
21.2233371734619
15.8956317901611
11.515100479126
6.22106075286865
8.30320358276367
13.0315837860107
12.1439838409424
14.5334548950195
20.0823955535889
34.8763656616211
42.9040260314941
41.170581817627
40.6581726074219
29.4246139526367
24.7407398223877
29.2052230834961
23.4976940155029
23.752368927002
25.7121734619141
29.4229679107666
31.8207855224609
29.1756916046143
30.7567863464355
25.1292610168457
22.9729080200195
25.12672996521
29.9233875274658
31.5792980194092
41.1631851196289
45.1783638000488
45.6718215942383
48.005916595459
39.0859184265137
38.8351516723633
44.4112739562988
54.450756072998
56.7921142578125
56.2142639160156
57.8919868469238
53.0388679504395
54.6543617248535
52.666633605957
60.1948585510254
69.5550994873047
73.3963241577148
82.0358123779297
61.8196449279785
74.8117446899414
89.5229644775391
78.6189270019531
78.7507476806641
90.2299346923828
70.5795211791992
71.5967102050781
83.566162109375
84.8255996704102
87.8757476806641
87.3417587280273
87.8168334960938
13.5665845870972
15.2451372146606
13.4163360595703
12.493634223938
12.5428037643433
9.4417085647583
12.6404542922974
9.6453332901001
12.3342695236206
13.0549583435059
21.4350700378418
27.2057628631592
23.9446792602539
24.8091659545898
13.0238580703735
13.298978805542
18.0843257904053
12.2808151245117
11.0913829803467
12.3092613220215
12.6647281646729
8.70626163482666
10.1766309738159
16.8975162506104
7.18786859512329
6.47989082336426
9.31094264984131
10.7828512191772
13.1367893218994
19.3657455444336
25.8035850524902
25.8917827606201
25.8378086090088
20.8726367950439
16.3648796081543
16.7459526062012
18.6637172698975
25.3998241424561
24.1028881072998
17.1434173583984
21.9195976257324
22.964916229248
19.4280986785889
23.9802570343018
21.9404392242432
30.5431156158447
30.6944904327393
28.8432502746582
28.4267444610596
31.1942234039307
37.3849143981934
42.0076675415039
47.298210144043
46.657886505127
41.9623107910156
40.0860404968262
58.7649536132812
62.2088394165039
64.5239868164062
59.2716369628906
55.856616973877
60.5626220703125
51.9892349243164
58.0671539306641
52.4127998352051
77.4339294433594
62.0240821838379
61.0834732055664
100.867134094238
84.4824752807617
89.835693359375
85.5307922363281
73.2446517944336
67.915771484375
70.22021484375
75.741455078125
81.2865982055664
88.0898284912109
92.3767318725586
94.0939865112305
14.8617763519287
16.7526149749756
15.7918643951416
10.6578598022461
10.4146585464478
9.96120357513428
12.8569402694702
14.0528984069824
20.2297782897949
26.1552047729492
35.6598854064941
22.5371761322021
21.9601287841797
21.1822566986084
21.1960468292236
11.8309850692749
9.00616455078125
8.81689929962158
8.4068717956543
7.94756031036377
5.85655927658081
2.85604381561279
4.04649448394775
4.78451824188232
4.91961193084717
4.8196873664856
6.15338802337646
7.07810497283936
8.92891120910645
7.85496044158936
7.20488595962524
12.6149930953979
13.3194246292114
11.7471675872803
10.5157203674316
15.2065382003784
10.9774103164673
12.3014335632324
10.259521484375
12.3413829803467
12.044677734375
18.5877590179443
16.5680656433105
18.234619140625
20.3139381408691
26.8947849273682
31.0267639160156
32.2166709899902
29.9638328552246
25.2624263763428
30.5887451171875
43.4165306091309
37.8608474731445
40.5474510192871
34.1698722839355
41.3911666870117
54.0622825622559
53.5877494812012
63.5940895080566
54.1478233337402
55.1964645385742
47.4130096435547
48.1750946044922
69.0268173217773
75.4075088500977
66.581169128418
61.8602447509766
93.0794067382812
98.2403106689453
92.5731582641602
92.7241897583008
104.447647094727
83.7978744506836
80.2100982666016
78.946662902832
98.6759414672852
90.0596008300781
92.0642242431641
94.3646926879883
104.599739074707
14.6326580047607
13.4728908538818
14.642068862915
15.0400695800781
13.6841716766357
15.4307241439819
17.8725833892822
22.0595684051514
37.4180374145508
26.0726833343506
37.9170951843262
46.2346458435059
56.4602241516113
42.2036933898926
61.6017990112305
34.0958633422852
18.3539161682129
14.3759250640869
15.5713787078857
12.5040578842163
11.1960201263428
6.6690354347229
4.10636520385742
4.55654811859131
4.45543193817139
2.8408989906311
2.20409631729126
2.68572926521301
3.41509366035461
3.8822808265686
5.31393814086914
5.35659551620483
5.85494375228882
10.0459003448486
8.2992992401123
10.5109729766846
8.62605285644531
8.78042888641357
6.30176448822021
9.00203895568848
9.12823486328125
10.263256072998
15.5453786849976
19.4023265838623
28.8144359588623
36.9323348999023
46.3274955749512
34.7282600402832
34.514591217041
48.2369537353516
43.9454345703125
30.9259948730469
37.0106658935547
38.1638946533203
45.0054779052734
57.4512062072754
66.5811538696289
84.2318801879883
57.3289375305176
58.7843589782715
53.683479309082
62.8067054748535
68.5082855224609
87.9132843017578
73.8543853759766
75.1369400024414
86.2463607788086
85.2202835083008
78.6578598022461
85.8116607666016
106.97883605957
131.17121887207
123.019020080566
81.8965759277344
75.6989135742188
87.9674530029297
94.4487609863281
103.882690429688
102.755310058594
94.6886520385742
21.327917098999
20.6493034362793
25.3461894989014
29.9484043121338
36.881721496582
32.1734046936035
36.9761772155762
36.6251945495605
25.1516494750977
22.1967849731445
20.6317176818848
27.3154716491699
52.2322196960449
56.7845573425293
36.2008094787598
41.0698776245117
54.9681625366211
31.2566566467285
9.06912231445312
12.8664016723633
6.52719879150391
4.46534633636475
5.8036150932312
7.99592685699463
2.54612708091736
3.93556046485901
5.332200050354
2.19017791748047
2.6298041343689
2.80380082130432
4.77867984771729
4.18761730194092
4.28062582015991
7.34631252288818
9.28471374511719
9.6238899230957
8.6159200668335
9.11332511901855
9.1295051574707
10.5876445770264
18.820894241333
14.512020111084
17.9262542724609
19.8648872375488
23.4140472412109
30.2291374206543
36.4973983764648
31.3786926269531
35.1063194274902
37.0241889953613
45.1187171936035
40.0283393859863
48.6224517822266
53.4704132080078
65.08740234375
70.4227905273438
75.5979537963867
83.5166549682617
73.1338348388672
68.7374114990234
65.5417633056641
81.3767166137695
77.2530899047852
71.8953323364258
94.3408737182617
76.3877105712891
68.9430236816406
83.6555023193359
86.3265380859375
104.263153076172
115.503479003906
107.19408416748
121.588012695312
86.9292297363281
100.255683898926
101.529014587402
96.1323623657227
108.178756713867
108.989379882812
108.257339477539
36.8922958374023
45.5286254882812
47.7905349731445
46.1427764892578
42.8239212036133
38.5539855957031
26.8363952636719
45.6610946655273
42.0927543640137
55.222225189209
55.3628425598145
52.8222236633301
50.1330909729004
43.2622375488281
28.7596836090088
25.2825336456299
29.5700187683105
22.6802043914795
6.59697246551514
5.28909349441528
2.71928477287292
2.40270709991455
1.41165602207184
1.80624687671661
3.8903923034668
3.1853449344635
2.28696346282959
1.82170629501343
1.83633136749268
2.37864851951599
3.66334819793701
3.46799945831299
3.54440879821777
4.05003595352173
7.28103923797607
10.6352415084839
7.54712677001953
9.28522300720215
13.504900932312
13.5280780792236
16.1681880950928
21.4533157348633
20.0853748321533
29.7448768615723
35.3289947509766
40.7311134338379
47.2718391418457
43.1712837219238
45.7282905578613
51.1897354125977
53.7170791625977
66.1927261352539
67.9908218383789
66.9253082275391
85.6770248413086
82.659912109375
91.9190063476562
93.855827331543
79.7312393188477
77.4736099243164
110.377113342285
76.075927734375
65.501708984375
72.7895202636719
67.7653961181641
61.505672454834
79.2681655883789
94.45556640625
103.946022033691
115.630493164062
132.309936523438
109.44263458252
150.375228881836
144.930908203125
98.1592864990234
109.038772583008
119.20565032959
129.616973876953
139.702896118164
156.74641418457
57.6227912902832
58.3752632141113
69.1949844360352
54.3511543273926
25.3717308044434
28.8107433319092
32.4253997802734
37.9365158081055
55.3241691589355
38.2948532104492
31.337739944458
19.9497318267822
12.2769145965576
10.9789810180664
6.68630027770996
5.49310207366943
8.49154663085938
5.28569746017456
4.18715238571167
3.25669765472412
1.53346788883209
1.01368141174316
1.10961604118347
1.74485802650452
1.58622860908508
2.24049401283264
3.03087997436523
4.62568187713623
4.2892632484436
4.17073059082031
4.84445428848267
4.39183139801025
7.90524768829346
9.47954750061035
7.65834808349609
8.73468780517578
8.68778991699219
15.1017551422119
21.3998413085938
28.0268726348877
33.7724304199219
29.6360034942627
33.4269943237305
36.1526145935059
38.8225135803223
37.9110374450684
69.2655334472656
74.5700531005859
74.7751922607422
67.442741394043
73.6025085449219
68.8310317993164
82.1638412475586
88.14892578125
72.9874038696289
80.7811279296875
100.896095275879
97.909912109375
64.6296463012695
110.127304077148
71.1896286010742
62.8089637756348
63.8584823608398
64.9582290649414
79.2970275878906
83.4930877685547
79.1418533325195
91.5764999389648
104.477722167969
119.679290771484
124.67374420166
114.867530822754
124.370109558105
127.845169067383
110.231231689453
122.44206237793
127.145568847656
142.032608032227
147.123458862305
123.707130432129
40.1890449523926
27.5137634277344
42.655891418457
70.1136474609375
35.9489936828613
37.6653060913086
39.9594306945801
32.5497360229492
23.75901222229
13.4601583480835
10.842306137085
7.0600733757019
3.95230984687805
5.42460060119629
3.77642941474915
3.19245600700378
3.63367247581482
1.87196600437164
2.56256818771362
1.66292190551758
0.742272853851318
0.64398854970932
1.21519947052002
2.75265049934387
2.53588676452637
4.71037197113037
5.03727722167969
4.53086376190186
5.51077651977539
7.48862457275391
8.77270030975342
5.51868391036987
7.99787187576294
10.0928430557251
11.3388118743896
13.9865455627441
14.5709047317505
20.2333068847656
19.1196975708008
26.8103771209717
35.0997200012207
44.2034683227539
54.2477798461914
50.9657440185547
41.1052055358887
42.1113510131836
100.430618286133
89.2133407592773
84.4844284057617
66.2561950683594
77.4907913208008
88.9976043701172
66.0492172241211
84.3740997314453
128.739105224609
120.366813659668
99.775634765625
73.1782684326172
111.848335266113
90.3278503417969
84.1882629394531
73.6067428588867
89.4944534301758
97.6088638305664
89.909553527832
101.413215637207
97.2735748291016
95.0093536376953
106.242446899414
121.29167175293
170.411285400391
110.81226348877
101.093963623047
134.484252929688
137.817153930664
132.367935180664
145.289260864258
148.980728149414
152.94612121582
157.666580200195
45.4250068664551
43.3545417785645
35.9098739624023
23.4173221588135
23.7111530303955
36.3337821960449
19.0133514404297
9.16536331176758
8.38112449645996
5.29636478424072
3.59853744506836
4.3675422668457
2.22883486747742
2.47127175331116
2.04287695884705
2.45284485816956
1.05548739433289
0.991515219211578
1.41123342514038
2.23339509963989
2.02489280700684
2.57884049415588
4.12756395339966
4.72451543807983
10.4731483459473
11.2672462463379
9.52611446380615
14.5025424957275
18.7648773193359
12.5090579986572
10.2199602127075
7.95732355117798
7.92303657531738
8.5901403427124
10.1003036499023
14.9258337020874
15.4711275100708
20.8215637207031
34.3622398376465
34.0557708740234
47.928581237793
45.085132598877
42.1645317077637
42.2259292602539
57.1098747253418
79.2118911743164
65.5302047729492
57.7825088500977
68.8448638916016
71.3686370849609
61.2526550292969
67.0055084228516
71.1060104370117
68.2736053466797
85.7677459716797
107.665061950684
114.117088317871
111.516227722168
101.386962890625
89.9630508422852
95.6148834228516
113.480079650879
110.473709106445
111.960723876953
113.653907775879
112.519012451172
121.005058288574
126.178932189941
129.039260864258
181.301040649414
184.47102355957
135.975326538086
103.974075317383
120.672966003418
144.515396118164
170.569473266602
178.781005859375
206.69645690918
200.98876953125
173.562606811523
76.7432861328125
47.1164169311523
36.0277976989746
14.5310859680176
21.6914176940918
40.9714202880859
33.1087265014648
10.3037137985229
5.82673025131226
4.23726606369019
2.19553971290588
2.1050500869751
1.10926985740662
0.918065845966339
0.74245148897171
2.1630220413208
4.92866134643555
11.88254737854
11.132043838501
5.43695640563965
2.8519115447998
2.24646878242493
2.05291032791138
1.67651963233948
4.46686267852783
10.4305477142334
14.4007511138916
28.7100658416748
27.5140590667725
34.0001983642578
31.0201644897461
21.6998882293701
15.2490196228027
10.7859020233154
12.3406934738159
14.9101133346558
25.6221618652344
36.5595016479492
34.1829566955566
40.2403373718262
55.5761833190918
54.1290397644043
62.7645225524902
73.2109222412109
96.2727813720703
70.2017059326172
70.7469940185547
68.8564376831055
61.026496887207
58.5916976928711
63.1896438598633
57.6050148010254
64.1269683837891
71.2772598266602
76.4889373779297
72.5078201293945
112.711929321289
108.493125915527
106.027656555176
78.9894180297852
118.257164001465
107.052963256836
114.510589599609
128.097778320312
142.440872192383
144.19856262207
165.174774169922
149.488586425781
135.737777709961
166.830062866211
160.054229736328
154.256286621094
120.58039855957
139.498764038086
153.371307373047
159.677795410156
189.883193969727
149.730728149414
157.121643066406
153.588684082031
51.8697204589844
44.6063804626465
19.0643062591553
13.0035066604614
18.1904544830322
24.2596454620361
27.1516876220703
24.3790626525879
13.6688537597656
5.99150848388672
2.81571292877197
2.35070753097534
2.68951559066772
2.06197714805603
4.09639453887939
12.0497465133667
11.078197479248
11.7196683883667
9.72551250457764
6.62385892868042
9.74407196044922
8.65116500854492
3.35215830802917
1.86908745765686
3.69748210906982
5.36256122589111
12.0694456100464
23.4504833221436
30.4847927093506
41.7901039123535
43.9647674560547
40.7605895996094
34.065746307373
24.083459854126
17.956506729126
21.7367534637451
20.7561111450195
24.955587387085
32.2799911499023
39.8253326416016
37.5340766906738
48.7112693786621
54.5123748779297
53.6756172180176
82.5407180786133
71.9700393676758
81.3268585205078
69.5251770019531
68.7831573486328
66.0561370849609
52.1177062988281
55.2712135314941
55.7364730834961
67.8153457641602
75.2609558105469
85.5275039672852
93.0798568725586
115.361618041992
99.1707382202148
100.516700744629
98.7687377929688
100.527648925781
118.927230834961
147.913009643555
169.814651489258
188.085983276367
182.126266479492
154.969314575195
131.194381713867
130.175735473633
140.129684448242
111.394897460938
132.615570068359
148.495727539062
152.077514648438
162.039260864258
154.50439453125
157.754501342773
173.782852172852
183.845550537109
35.3919067382812
26.5512619018555
26.4808444976807
53.1811408996582
46.5204658508301
25.5187492370605
24.7741775512695
14.1204471588135
15.6060361862183
19.0308666229248
15.7762794494629
19.1172943115234
12.050313949585
13.7975044250488
8.53215789794922
9.29191780090332
13.4109487533569
16.9798069000244
20.7331447601318
21.7541618347168
25.8628177642822
17.6890182495117
11.6658334732056
8.1347188949585
7.08209228515625
5.87522220611572
5.94691801071167
12.0991630554199
28.8420829772949
31.6349601745605
31.0635433197021
39.385669708252
46.4427337646484
27.9469451904297
24.0327796936035
30.7989368438721
32.3938674926758
42.949779510498
43.7450485229492
50.1670417785645
54.7746467590332
59.259220123291
56.9446105957031
63.8885459899902
81.9755935668945
56.9071578979492
83.4360580444336
72.1973342895508
60.2564277648926
63.5992965698242
78.896110534668
59.9986991882324
71.0060653686523
76.1120147705078
93.9978408813477
117.599296569824
134.348434448242
119.556297302246
92.4253082275391
97.3669357299805
101.380805969238
160.319747924805
162.282211303711
163.208221435547
213.051620483398
194.979797363281
189.86474609375
154.641662597656
94.3551635742188
167.025848388672
135.248199462891
138.834487915039
157.486236572266
186.71369934082
176.29313659668
166.132476806641
155.859008789062
180.110992431641
208.68083190918
183.949340820312
32.7411994934082
72.1161270141602
74.8881149291992
54.5342979431152
40.6362342834473
40.1536026000977
35.2899284362793
17.4396877288818
12.357741355896
11.3725633621216
19.2392444610596
26.1084938049316
16.8366374969482
11.1892347335815
10.2379808425903
16.3076400756836
17.7764225006104
19.3754234313965
22.5703792572021
26.8771686553955
27.4562892913818
24.3508110046387
23.7590675354004
19.2191047668457
20.3127040863037
19.5518360137939
22.7519493103027
21.4122428894043
22.1125373840332
29.7523174285889
39.5049057006836
33.0033493041992
35.3738899230957
36.1836242675781
30.8959293365479
35.8260383605957
41.6612739562988
47.7745018005371
52.993091583252
53.6000595092773
56.4377365112305
51.4053535461426
61.8386878967285
77.9077529907227
58.1188507080078
81.3256912231445
78.230110168457
64.9798583984375
72.0953979492188
59.5189628601074
55.3056945800781
55.9285278320312
65.1165313720703
66.815803527832
81.8427963256836
77.0730209350586
97.3003387451172
85.6549606323242
120.339553833008
162.014999389648
130.883270263672
159.260238647461
148.527633666992
171.49577331543
180.587371826172
154.805633544922
179.302520751953
237.906509399414
192.105270385742
199.934860229492
173.253921508789
168.801300048828
201.804321289062
221.2548828125
193.545959472656
201.276519775391
217.197723388672
191.750198364258
178.959426879883
209.689895629883
33.5665969848633
65.240608215332
101.070495605469
102.283348083496
93.9066696166992
52.6777267456055
22.9477787017822
15.442816734314
20.3259258270264
12.6900415420532
17.2949523925781
15.7465572357178
15.9994964599609
15.755223274231
16.2047061920166
20.4061374664307
23.7708415985107
20.4216060638428
24.3095798492432
28.2282238006592
30.3836708068848
26.5876998901367
25.6857757568359
25.3713970184326
28.7831573486328
31.2680187225342
30.5071334838867
29.931245803833
30.8314819335938
37.5124435424805
46.6671524047852
39.375244140625
29.4958553314209
33.6166191101074
36.8647689819336
45.4697341918945
57.6397247314453
51.620044708252
52.952449798584
50.359016418457
47.337776184082
49.6701698303223
65.7131042480469
59.222484588623
88.8309783935547
85.4207534790039
68.0179901123047
60.416618347168
61.0941162109375
74.7901077270508
64.8312530517578
70.939453125
66.4459075927734
75.2181777954102
83.0117721557617
80.6145248413086
124.515251159668
119.239082336426
143.80891418457
148.064102172852
155.492416381836
169.976516723633
134.021240234375
119.27774810791
86.1045989990234
116.469688415527
181.777816772461
139.391448974609
222.456573486328
182.398406982422
162.116455078125
232.205291748047
191.824722290039
191.237457275391
207.125610351562
218.795806884766
220.443420410156
235.078765869141
192.612518310547
208.132720947266
42.267276763916
55.5504684448242
71.5253372192383
95.9943084716797
113.002998352051
92.8763580322266
33.2380332946777
8.06314373016357
10.8224840164185
15.6454200744629
15.6824979782104
12.960259437561
13.1223421096802
14.7065830230713
15.9861221313477
17.8943347930908
18.4475383758545
20.8880023956299
24.9102611541748
30.8294010162354
29.1891937255859
32.4958801269531
34.5987014770508
28.6185626983643
33.4804153442383
39.7605934143066
41.806037902832
36.6214370727539
32.9781341552734
40.878604888916
45.5810050964355
48.561149597168
41.2871742248535
38.1651573181152
62.6835060119629
66.8913726806641
70.4158096313477
79.6095275878906
74.1195983886719
64.2782974243164
59.1063995361328
61.3985595703125
125.378150939941
114.610549926758
89.7356491088867
90.5009231567383
106.300582885742
88.3345794677734
99.6329040527344
88.0221557617188
81.7274780273438
64.3701858520508
66.0049591064453
79.5098724365234
88.3021774291992
103.227142333984
127.807510375977
130.368606567383
147.56315612793
161.991424560547
173.862915039062
112.092437744141
130.368606567383
236.625885009766
182.582595825195
195.629943847656
179.730682373047
216.326263427734
211.356109619141
202.06413269043
229.537399291992
232.950759887695
224.521209716797
258.373291015625
228.733383178711
218.844757080078
227.515197753906
211.681213378906
201.561859130859
220.687728881836
65.1575546264648
45.0629730224609
51.3205642700195
62.8886108398438
74.9119720458984
130.055465698242
135.988815307617
32.1706085205078
21.3772468566895
13.1467475891113
12.4162178039551
13.4135313034058
13.0630302429199
16.4151954650879
14.3845348358154
15.8801336288452
18.6383209228516
18.3302116394043
21.0492839813232
22.111499786377
26.1270008087158
32.0192985534668
38.5264854431152
43.2875747680664
48.2673950195312
50.5100135803223
47.1393699645996
57.783130645752
52.7866630554199
48.5283279418945
53.4751853942871
51.4002990722656
50.5265502929688
53.2299003601074
113.811294555664
122.137954711914
113.747055053711
110.233711242676
92.8805999755859
67.3503265380859
67.7144775390625
85.781005859375
95.2993392944336
69.4985656738281
69.2176742553711
83.5197982788086
73.4730606079102
71.7838592529297
96.1749649047852
100.036552429199
94.1861572265625
73.9615936279297
79.8298721313477
76.7431716918945
93.778205871582
121.451347351074
134.893997192383
158.297744750977
172.574600219727
194.233123779297
237.00666809082
216.467086791992
130.375564575195
161.370742797852
196.126358032227
236.477493286133
198.784713745117
205.924209594727
263.606079101562
241.795776367188
288.310546875
236.217269897461
242.301116943359
209.832748413086
246.640579223633
217.361572265625
229.665786743164
227.002380371094
236.143508911133
252.847351074219
33.7476921081543
23.7387447357178
29.0879192352295
29.8052444458008
54.7293128967285
85.0257034301758
153.391510009766
128.01025390625
43.782169342041
11.0828742980957
15.7575922012329
21.7008113861084
19.5554084777832
18.5876369476318
20.4207458496094
20.6817817687988
21.4504814147949
19.4915351867676
25.8545932769775
23.0182857513428
30.4566650390625
37.1781539916992
50.8405151367188
58.3021240234375
69.7319183349609
61.4163627624512
54.40625
56.5739822387695
70.6293563842773
49.5878486633301
58.4784851074219
52.6125450134277
58.1210746765137
77.4632034301758
117.370735168457
101.903762817383
101.274780273438
107.941078186035
134.618835449219
96.5182189941406
75.7341003417969
88.0470275878906
159.007385253906
112.358428955078
104.600067138672
105.985038757324
116.390441894531
102.944755554199
113.925086975098
123.225555419922
107.74235534668
98.5889053344727
81.1024398803711
105.920799255371
126.520874023438
141.046478271484
143.688751220703
168.697784423828
178.665679931641
201.799362182617
256.475555419922
161.07275390625
228.947952270508
236.950820922852
213.481491088867
188.404281616211
215.522277832031
267.6416015625
290.917816162109
292.540588378906
240.276763916016
216.397979736328
243.155029296875
237.419738769531
238.171112060547
216.316375732422
202.138961791992
193.025970458984
224.478561401367
183.064102172852
28.2695026397705
24.1167030334473
20.1874904632568
24.4981460571289
34.5096778869629
65.7424926757812
89.0052871704102
130.681732177734
158.218475341797
126.797943115234
37.0054550170898
21.6910247802734
27.370849609375
23.0938930511475
24.3794765472412
22.8448371887207
27.1666240692139
27.5502967834473
32.724292755127
36.6310501098633
42.1315116882324
50.0961532592773
46.1981315612793
56.8034820556641
74.098503112793
46.2166213989258
47.8901481628418
51.8273658752441
53.2203178405762
46.0356140136719
56.4064788818359
54.5932273864746
80.7344207763672
128.719467163086
81.989616394043
110.622131347656
109.927688598633
138.284393310547
134.348678588867
105.220001220703
80.2893676757812
149.638259887695
91.2511138916016
103.203628540039
119.863906860352
134.599227905273
166.078704833984
117.481353759766
124.530708312988
125.836822509766
99.6616821289062
84.7402572631836
94.6102294921875
114.906051635742
130.220153808594
144.186737060547
138.11865234375
162.698364257812
209.801025390625
220.510360717773
263.066162109375
265.66259765625
238.254608154297
196.479400634766
211.592712402344
192.324768066406
198.495864868164
224.118362426758
217.307510375977
188.240707397461
179.603256225586
181.877059936523
187.593994140625
185.560180664062
166.815734863281
179.414764404297
178.049682617188
187.082153320312
174.973205566406
167.428024291992
26.7088356018066
22.3493423461914
16.8458881378174
16.507209777832
28.6626358032227
43.6983299255371
66.1093902587891
86.7453842163086
129.224914550781
222.215408325195
162.650054931641
132.643798828125
59.5707397460938
23.8803825378418
29.063404083252
28.4530143737793
24.5437622070312
30.927942276001
33.7947616577148
33.3042526245117
35.0458145141602
41.8076400756836
50.6319122314453
57.1653366088867
84.9928359985352
124.588081359863
59.6351661682129
56.4276847839355
59.5716590881348
49.6324157714844
48.1297073364258
50.8166961669922
130.746688842773
207.214813232422
96.1154708862305
126.873435974121
137.213653564453
126.473876953125
130.580276489258
161.440872192383
136.239715576172
186.544723510742
125.85831451416
142.285293579102
95.0958404541016
104.425064086914
162.081298828125
158.163787841797
125.976860046387
103.260047912598
94.8471527099609
102.057846069336
88.4560546875
127.322738647461
132.938217163086
134.998947143555
165.404357910156
198.105194091797
220.46223449707
235.117004394531
214.133743286133
207.418884277344
168.260467529297
179.167907714844
193.961761474609
183.112762451172
170.227828979492
174.980224609375
173.682769775391
170.673400878906
183.837783813477
199.079315185547
185.391891479492
169.964996337891
163.002059936523
150.832443237305
156.63916015625
163.181350708008
179.018051147461
173.557632446289
10.0962057113647
10.4642629623413
16.4204940795898
14.8459892272949
21.5402374267578
37.7294845581055
57.9463195800781
76.6221771240234
89.5634155273438
183.711212158203
224.922668457031
215.24951171875
154.072143554688
125.018905639648
113.536476135254
41.447380065918
25.3442935943604
20.3080635070801
28.8914813995361
31.4679183959961
42.1388893127441
30.0977783203125
47.7399215698242
170.742401123047
424.455047607422
599.484924316406
378.610687255859
88.7587051391602
89.4091415405273
63.5049247741699
61.1430931091309
70.8401336669922
94.8228454589844
109.964553833008
145.697631835938
218.337371826172
116.621932983398
129.413116455078
136.439315795898
134.598983764648
126.899726867676
130.524002075195
121.447631835938
113.062477111816
136.241241455078
147.978530883789
157.161437988281
152.516006469727
120.561149597168
117.625366210938
120.525505065918
127.895416259766
127.048927307129
133.504470825195
126.574310302734
140.452056884766
153.96891784668
175.006484985352
173.316635131836
163.969924926758
187.191680908203
203.522109985352
212.267471313477
188.480529785156
185.541046142578
158.411224365234
155.676818847656
166.189071655273
156.334548950195
186.406478881836
201.626876831055
174.986175537109
163.130645751953
158.589767456055
166.851867675781
167.386428833008
148.813034057617
156.495529174805
152.681030273438
169.490509033203
9.25812244415283
13.7575368881226
15.0689086914062
16.0034046173096
30.4503612518311
29.3336601257324
55.7354354858398
62.5435600280762
107.451316833496
124.241142272949
175.892578125
169.413055419922
199.281433105469
244.471160888672
259.713775634766
251.755966186523
210.91716003418
146.520706176758
151.642242431641
117.278709411621
193.853103637695
225.862716674805
263.197418212891
531.515930175781
724.339477539062
519.201782226562
649.235656738281
379.831207275391
405.751617431641
89.9309234619141
87.6152572631836
85.9315872192383
82.5257186889648
96.4731521606445
119.638404846191
130.153564453125
147.828674316406
119.901077270508
147.892517089844
134.800186157227
130.824432373047
99.8634490966797
121.629676818848
153.018096923828
120.939109802246
129.936416625977
144.736221313477
146.012298583984
174.253829956055
126.662612915039
150.307876586914
132.316619873047
155.507858276367
151.586517333984
130.171737670898
135.218200683594
155.239547729492
178.562530517578
189.875289916992
169.063079833984
189.88005065918
165.520065307617
149.607269287109
149.422088623047
154.137313842773
147.804290771484
161.115112304688
177.658493041992
165.858810424805
180.15446472168
207.235565185547
183.01676940918
149.55500793457
137.07829284668
143.056304931641
143.927627563477
136.935668945312
133.964294433594
151.320404052734
144.673522949219
12.8579473495483
10.306941986084
18.4417324066162
30.4760799407959
25.168794631958
43.9095191955566
56.3809280395508
81.4895782470703
70.0530776977539
109.542129516602
125.849716186523
148.284378051758
178.028228759766
193.322830200195
217.706619262695
288.632232666016
256.085083007812
339.326629638672
694.593566894531
843.5302734375
890.562438964844
625.361206054688
515.015991210938
536.236694335938
380.229400634766
1430.46984863281
398.190643310547
527.35400390625
305.106018066406
90.9551239013672
95.3264312744141
109.088409423828
96.0253372192383
94.5580062866211
108.602310180664
159.664566040039
173.667419433594
160.837982177734
130.428466796875
133.606079101562
113.353088378906
137.63591003418
140.958114624023
130.911193847656
137.335205078125
163.728958129883
168.769561767578
152.383514404297
121.419441223145
173.776824951172
143.371795654297
190.494781494141
182.312759399414
169.460388183594
149.819152832031
165.88117980957
190.442596435547
169.900756835938
185.948013305664
214.493362426758
200.493392944336
159.992523193359
147.30305480957
144.257263183594
165.38752746582
170.80534362793
203.17822265625
170.033447265625
181.6005859375
166.939682006836
173.090469360352
159.178466796875
138.855117797852
148.327865600586
141.132369995117
174.652359008789
169.473526000977
134.324249267578
146.200698852539
137.305648803711
24.2934856414795
25.14772605896
29.9288558959961
43.5185089111328
43.3017349243164
63.2095985412598
78.3131866455078
66.8798217773438
83.9981155395508
87.937370300293
101.902694702148
126.820999145508
140.246704101562
156.254119873047
124.831916809082
136.571975708008
167.643890380859
262.506805419922
318.948120117188
650.45458984375
683.171813964844
378.618957519531
509.17138671875
275.128967285156
477.808868408203
403.300537109375
271.835998535156
370.492950439453
179.666534423828
121.037933349609
81.1728973388672
109.04630279541
111.981224060059
113.281608581543
118.691902160645
152.563919067383
141.624450683594
186.204681396484
186.985168457031
216.711837768555
196.770767211914
139.451675415039
140.672256469727
123.404945373535
199.528015136719
188.798049926758
161.828369140625
118.981269836426
133.325012207031
168.464859008789
224.725357055664
196.687103271484
126.256851196289
154.774887084961
173.564468383789
200.382110595703
183.78987121582
191.997436523438
181.773239135742
172.764709472656
166.64665222168
167.267669677734
153.78157043457
171.743743896484
158.764907836914
161.924850463867
181.567642211914
197.862258911133
173.593902587891
176.147415161133
144.235549926758
155.021926879883
136.509140014648
147.669952392578
146.254821777344
160.472702026367
152.600967407227
144.076721191406
167.29443359375
156.91325378418
NA
NA
91.2154998779297
53.6705360412598
67.275749206543
66.3871612548828
87.2661743164062
98.2423095703125
100.926116943359
103.73949432373
100.685974121094
139.996047973633
133.588150024414
98.0431442260742
125.237968444824
119.905601501465
160.521606445312
195.598114013672
187.309051513672
238.587921142578
343.029876708984
556.788818359375
468.703033447266
404.496704101562
471.941497802734
217.812576293945
252.809112548828
191.406616210938
159.257080078125
134.76203918457
126.478240966797
107.832511901855
70.2457962036133
80.9584655761719
120.239204406738
144.808074951172
144.594787597656
172.257308959961
187.346145629883
209.765472412109
143.546432495117
197.656036376953
169.745559692383
181.667755126953
132.890808105469
145.955169677734
146.878173828125
152.636245727539
147.032974243164
201.404861450195
250.97151184082
177.258041381836
219.336364746094
225.079391479492
200.265121459961
201.386642456055
201.168594360352
210.557525634766
181.993621826172
179.623138427734
183.007736206055
152.366226196289
152.344802856445
152.005294799805
155.201858520508
176.013931274414
217.628173828125
181.145050048828
166.739624023438
171.528045654297
152.750518798828
151.815246582031
143.942825317383
145.110961914062
129.678176879883
126.80867767334
146.106536865234
162.228393554688
142.625289916992
148.656692504883
NA
NA
61.5235404968262
106.71736907959
67.4917144775391
56.1104354858398
78.1501693725586
84.0416107177734
99.5773620605469
126.870086669922
127.371681213379
141.101165771484
91.8495407104492
107.064422607422
81.701545715332
110.670349121094
148.548812866211
138.576477050781
200.908843994141
202.877182006836
230.351806640625
230.914611816406
231.150024414062
313.494781494141
223.869781494141
178.100158691406
206.089050292969
213.217514038086
171.865112304688
125.221122741699
115.706985473633
122.086120605469
97.217887878418
99.5879135131836
86.4516448974609
114.572463989258
133.600234985352
176.235488891602
201.227920532227
232.190994262695
167.184219360352
155.309387207031
216.105422973633
230.548950195312
202.264724731445
134.077621459961
178.174621582031
156.293151855469
166.162445068359
175.207550048828
317.867858886719
171.083053588867
187.759582519531
204.310256958008
187.858688354492
201.383438110352
206.799438476562
200.258560180664
177.528747558594
164.913864135742
160.107925415039
158.42512512207
152.273651123047
147.314865112305
144.513458251953
153.214477539062
163.707183837891
165.125823974609
173.423004150391
153.427688598633
159.955764770508
135.572799682617
129.475448608398
153.67512512207
134.355758666992
147.019348144531
157.303955078125
147.41455078125
145.445343017578
151.858215332031
NA
NA
NA
56.6842422485352
38.9262619018555
47.3009948730469
77.023193359375
125.14054107666
129.118637084961
104.98413848877
110.50252532959
86.4363784790039
181.414794921875
112.538330078125
109.207084655762
147.856796264648
155.270767211914
171.069152832031
163.254089355469
143.707275390625
117.867362976074
209.685485839844
220.54963684082
114.322151184082
264.755706787109
135.535400390625
132.455108642578
148.608276367188
145.108688354492
122.923873901367
116.983856201172
138.960556030273
164.023544311523
130.000625610352
224.363739013672
169.58251953125
164.652297973633
146.58186340332
145.006378173828
116.864707946777
134.364974975586
108.428245544434
158.9794921875
146.093841552734
199.561767578125
178.715713500977
233.163528442383
198.521270751953
205.231506347656
227.591873168945
368.429046630859
158.184814453125
193.351638793945
215.802093505859
194.285263061523
186.976013183594
181.071319580078
179.369934082031
157.320220947266
147.676986694336
145.84992980957
143.285888671875
136.840362548828
138.706893920898
153.538467407227
155.447158813477
179.702728271484
207.507949829102
182.59716796875
169.985992431641
180.712921142578
152.080490112305
160.435043334961
146.315567016602
151.592269897461
155.831939697266
158.479293823242
137.288162231445
152.649261474609
158.368347167969
NA
NA
NA
64.0032730102539
49.3400077819824
70.0181503295898
81.7245941162109
82.8414306640625
98.2082443237305
104.967399597168
118.372093200684
120.179580688477
130.677032470703
134.218063354492
137.66015625
89.3142623901367
112.945854187012
162.784378051758
261.242401123047
170.460830688477
172.627944946289
287.119293212891
252.831985473633
113.828155517578
188.842803955078
110.234390258789
105.36402130127
188.483261108398
165.145248413086
120.186592102051
146.49658203125
126.391044616699
141.749404907227
136.438003540039
460.842559814453
205.430557250977
238.516464233398
176.916213989258
159.785385131836
151.655853271484
159.932754516602
127.400375366211
166.546371459961
156.763961791992
195.477172851562
199.153656005859
189.468475341797
230.290069580078
220.100173950195
213.501419067383
193.542236328125
224.591888427734
221.833724975586
190.253631591797
214.666915893555
204.198989868164
179.973510742188
161.222854614258
152.287170410156
144.886932373047
142.256286621094
132.450622558594
137.256393432617
154.511642456055
172.608383178711
176.128555297852
189.680953979492
174.819641113281
171.853378295898
173.21549987793
170.73991394043
167.731323242188
177.264541625977
152.969390869141
149.990234375
164.082565307617
156.017471313477
137.585998535156
155.280395507812
167.391006469727
NA
NA
NA
99.1211853027344
39.9261589050293
74.8347244262695
64.2842330932617
76.1115264892578
85.1830444335938
107.275405883789
143.826370239258
142.615982055664
126.968955993652
181.327011108398
108.564743041992
99.5349273681641
104.649559020996
153.173797607422
143.741561889648
141.712493896484
148.665298461914
177.539428710938
136.254104614258
372.651885986328
136.807861328125
105.15991973877
132.544647216797
74.903564453125
78.0214233398438
138.101348876953
139.900909423828
113.904960632324
264.069641113281
127.058822631836
163.882919311523
213.576889038086
160.927932739258
172.373657226562
211.939407348633
188.956832885742
158.030715942383
220.052017211914
172.89533996582
184.420944213867
155.89762878418
175.582824707031
189.758483886719
229.286972045898
257.492462158203
273.091339111328
256.994720458984
315.767059326172
243.778060913086
185.05029296875
196.935470581055
174.142028808594
156.426208496094
152.489303588867
147.166534423828
164.849136352539
162.400970458984
154.960144042969
165.642608642578
166.869384765625
162.759155273438
189.647369384766
174.022613525391
175.138565063477
163.758987426758
173.276153564453
159.431350708008
149.516891479492
175.079208374023
165.244659423828
170.296600341797
163.600189208984
153.520797729492
166.575988769531
174.267837524414
194.064392089844
NA
NA
NA
NA
38.0391578674316
45.7151260375977
66.1029281616211
88.5879898071289
99.3184967041016
100.875114440918
132.716125488281
115.304992675781
146.298843383789
111.384094238281
105.598350524902
109.1982421875
171.27522277832
158.481262207031
172.975982666016
193.220321655273
157.499908447266
167.951156616211
227.199737548828
289.725341796875
133.399429321289
151.427764892578
206.309906005859
90.8868865966797
317.337768554688
128.719497680664
104.474838256836
102.062194824219
143.85498046875
96.503044128418
126.056091308594
199.576614379883
257.760894775391
223.179534912109
199.86669921875
170.667373657227
136.338607788086
207.534027099609
184.910781860352
205.429428100586
196.766128540039
196.707534790039
202.700561523438
200.248291015625
210.775482177734
259.609405517578
290.809783935547
228.283309936523
192.739501953125
163.918548583984
169.894729614258
172.000930786133
189.352111816406
154.208068847656
165.160110473633
175.022171020508
170.241882324219
181.171340942383
195.01350402832
185.526214599609
178.39274597168
206.352691650391
194.708526611328
186.146347045898
184.357299804688
171.138854980469
153.963119506836
151.075210571289
163.376480102539
176.802536010742
179.268966674805
167.074157714844
157.560974121094
165.518295288086
198.555541992188
185.652908325195
NA
NA
NA
NA
34.0989151000977
48.3035545349121
59.5947914123535
96.7437438964844
106.369361877441
102.39111328125
114.364097595215
132.935516357422
136.843948364258
117.440467834473
88.3370132446289
136.295288085938
189.512008666992
152.077209472656
149.483200073242
155.851226806641
148.466384887695
177.962326049805
220.081130981445
290.698974609375
286.629241943359
132.540710449219
311.750549316406
106.639137268066
101.628219604492
98.3322601318359
80.9190139770508
158.085510253906
145.515365600586
161.559478759766
137.272171020508
203.39582824707
228.611541748047
239.815246582031
137.584533691406
117.521820068359
134.592391967773
192.662490844727
209.207885742188
247.552886962891
223.703491210938
196.016128540039
175.158065795898
180.202484130859
201.074798583984
233.471389770508
280.319763183594
174.040863037109
175.065826416016
148.32209777832
145.062240600586
175.141174316406
204.208297729492
183.654251098633
188.469085693359
195.616546630859
193.111480712891
189.376968383789
193.878128051758
195.196517944336
203.406188964844
215.684783935547
204.872604370117
176.081649780273
176.494827270508
174.726165771484
169.91081237793
170.355499267578
168.344192504883
177.145690917969
160.108215332031
147.098251342773
162.632751464844
178.906677246094
174.026870727539
174.392791748047
NA
NA
NA
NA
NA
47.5951156616211
63.3871994018555
103.988128662109
72.0915756225586
89.0909042358398
103.078048706055
132.927597045898
104.984474182129
84.2250900268555
105.662483215332
123.762962341309
174.413711547852
189.272338867188
163.991241455078
144.127197265625
159.811996459961
159.235763549805
186.363876342773
253.571228027344
106.186744689941
134.503997802734
267.429779052734
521.776916503906
85.0248947143555
221.260787963867
86.8932037353516
76.2016754150391
82.2842864990234
123.462020874023
151.307067871094
150.623123168945
255.548767089844
310.658935546875
177.740646362305
181.435043334961
246.329528808594
203.091888427734
226.781616210938
271.6103515625
255.973205566406
196.360565185547
182.377868652344
185.692245483398
174.466979980469
193.349243164062
179.021530151367
110.273635864258
110.502914428711
195.569534301758
172.493118286133
185.687728881836
212.233367919922
218.962051391602
187.118270874023
212.789916992188
222.456207275391
191.701629638672
208.124252319336
214.761810302734
221.468795776367
205.618942260742
203.868545532227
197.981826782227
185.875396728516
201.978042602539
184.660400390625
172.872039794922
182.8935546875
154.657348632812
170.016220092773
181.680999755859
159.454193115234
148.760620117188
148.620498657227
148.592956542969
NA
NA
NA
NA
NA
51.7595520019531
49.5177764892578
65.2147521972656
69.5664749145508
82.5636138916016
93.4477767944336
88.1117401123047
115.495018005371
152.544326782227
147.007369995117
150.66227722168
158.456985473633
182.099243164062
151.693756103516
141.385437011719
135.153030395508
161.146362304688
166.524276733398
196.984329223633
96.2688064575195
114.383598327637
216.869003295898
193.960464477539
233.29638671875
149.177459716797
81.8832855224609
64.8365173339844
91.4493026733398
102.88200378418
86.8988723754883
140.337158203125
121.696350097656
258.183898925781
251.792556762695
231.951202392578
260.388580322266
254.275039672852
262.392120361328
234.436950683594
202.855072021484
193.700485229492
183.507781982422
186.190719604492
190.163055419922
192.018936157227
335.452911376953
118.901977539062
242.082015991211
236.134872436523
232.701919555664
221.279541015625
220.487365722656
216.14794921875
221.819259643555
226.099349975586
230.676147460938
219.083068847656
223.662780761719
213.364959716797
216.175216674805
212.997406005859
228.285736083984
195.889343261719
189.257629394531
183.762634277344
176.253967285156
188.096313476562
168.629058837891
173.556762695312
188.082000732422
167.835235595703
144.255767822266
141.872222900391
137.741607666016
137.082504272461
NA
NA
NA
NA
NA
54.0560874938965
53.3277587890625
58.4231185913086
80.4871139526367
68.8699417114258
89.4108657836914
142.842254638672
164.603866577148
156.716690063477
156.569396972656
168.02018737793
152.838439941406
181.433135986328
173.898742675781
163.853744506836
151.719543457031
162.205093383789
185.063323974609
184.746612548828
167.069702148438
208.469741821289
247.804260253906
297.842254638672
149.07405090332
145.65966796875
65.3477020263672
72.3677520751953
54.9601211547852
65.7423934936523
116.589790344238
144.329727172852
154.335540771484
80.4704208374023
258.346557617188
217.421966552734
203.741653442383
202.690765380859
275.360473632812
207.06413269043
209.046798706055
221.795028686523
202.211791992188
203.139175415039
189.816772460938
139.834121704102
90.7774887084961
103.679794311523
226.060363769531
246.267150878906
249.216903686523
251.710494995117
245.331497192383
250.684555053711
248.626525878906
248.540710449219
228.064636230469
225.132293701172
213.881820678711
218.693893432617
228.577407836914
237.180084228516
221.496688842773
211.229370117188
206.820495605469
190.789123535156
167.352661132812
199.528854370117
168.817962646484
174.317169189453
189.929428100586
182.154037475586
157.789413452148
134.351470947266
131.810501098633
134.989562988281
