"x"
NA
NA
NA
NA
22.7218971252441
23.408239364624
24.2719287872314
24.8341674804688
24.7372913360596
26.3639984130859
23.3689308166504
22.4631824493408
21.6600570678711
25.2024002075195
31.3602523803711
27.0972747802734
29.1604480743408
43.1663932800293
38.6666145324707
27.9882984161377
25.0516395568848
26.1180782318115
31.5669231414795
36.433650970459
40.8989791870117
38.3927307128906
43.1049652099609
40.982048034668
36.7612915039062
36.0129585266113
41.8916015625
40.8933906555176
39.939624786377
35.2480506896973
40.4158248901367
31.080867767334
31.3393421173096
37.1688117980957
32.6413612365723
35.3715782165527
36.4478340148926
42.7830810546875
44.933650970459
57.5411148071289
46.8382530212402
44.8886222839355
41.1063270568848
44.8352279663086
49.4930534362793
47.8134918212891
42.2633743286133
42.1397171020508
48.1242332458496
49.2456970214844
42.9263000488281
50.8365249633789
50.1018905639648
55.0352325439453
66.9921188354492
56.6206092834473
47.4132537841797
44.3200149536133
53.8986892700195
59.2845191955566
60.1673736572266
69.9887466430664
67.3220672607422
43.4391441345215
44.0620346069336
42.4232864379883
36.8340911865234
37.0618209838867
38.2639465332031
36.7226219177246
38.3383979797363
35.0154228210449
38.1691360473633
40.4327964782715
42.2176895141602
40.1695671081543
23.5724411010742
23.5466022491455
22.5340480804443
22.7352294921875
21.522045135498
21.9599723815918
19.4246292114258
23.5873260498047
21.9080772399902
22.6523475646973
22.3175296783447
21.8454303741455
20.9055614471436
27.6612071990967
27.01535987854
25.0227890014648
27.02223777771
30.9679069519043
45.1258354187012
31.1255378723145
31.5636539459229
28.5442886352539
34.2698822021484
49.9235954284668
48.179817199707
36.9215393066406
33.7618255615234
38.1893463134766
37.8250732421875
47.4464988708496
48.5031814575195
45.2776870727539
38.7561111450195
38.9795265197754
32.9326782226562
29.0987319946289
33.9807968139648
33.9335975646973
36.0485191345215
32.6175079345703
34.1229057312012
43.252311706543
45.4250602722168
40.9481163024902
41.6816558837891
40.3869514465332
47.1892623901367
43.4049530029297
52.6401023864746
41.7056541442871
46.6499900817871
51.2372970581055
49.9647903442383
45.4244079589844
43.6072158813477
52.5541763305664
47.478401184082
50.8155708312988
48.0615425109863
48.2386894226074
56.9926071166992
58.949893951416
54.2799949645996
50.0708312988281
42.6816596984863
50.1874732971191
47.0953369140625
48.5317840576172
41.0681457519531
37.7356376647949
46.041316986084
37.9346199035645
37.9801254272461
35.9659843444824
38.466682434082
40.6167182922363
41.3858985900879
40.4465599060059
40.055477142334
37.8301086425781
23.2516841888428
23.4401111602783
27.3108329772949
23.9472522735596
23.6649799346924
20.3854598999023
19.0677452087402
21.8054370880127
18.0601825714111
19.142053604126
20.7349910736084
24.7778015136719
32.9104766845703
36.5260581970215
36.0249481201172
30.8014602661133
34.1733589172363
42.2009010314941
48.8614654541016
41.6889190673828
42.4063262939453
35.5621566772461
34.4073867797852
32.2107315063477
27.0704727172852
32.8586387634277
37.9781951904297
32.8596954345703
30.5972290039062
34.066047668457
39.4326324462891
49.2096824645996
58.8269577026367
44.8228378295898
38.9624977111816
33.2771682739258
32.8718566894531
40.3197708129883
33.7612533569336
34.5038757324219
36.4156455993652
38.8280868530273
39.4254531860352
39.1216468811035
38.9700927734375
43.3504104614258
40.9020309448242
44.4263763427734
39.5108833312988
36.7421112060547
41.8082008361816
44.768383026123
45.34814453125
50.6773872375488
46.1923065185547
41.2705001831055
47.7414970397949
55.7042617797852
47.971004486084
51.3776435852051
61.5854415893555
58.027042388916
47.5331764221191
43.6144332885742
36.3042297363281
46.8867301940918
42.3631134033203
43.4178733825684
40.8150367736816
38.9938316345215
35.3853492736816
39.7390403747559
40.2754898071289
39.6080780029297
41.5964775085449
43.1502571105957
42.7047462463379
43.2336921691895
43.941593170166
40.1776695251465
29.5598258972168
28.6940631866455
26.3394412994385
22.2798042297363
19.824369430542
19.7009983062744
20.6016616821289
16.6399631500244
16.1727523803711
18.1052227020264
25.4942874908447
30.1117782592773
38.5991744995117
38.5952949523926
34.957332611084
35.2132949829102
51.8208694458008
40.1641387939453
29.0366115570068
24.2924690246582
23.3676300048828
26.6479358673096
31.5770092010498
25.1522998809814
26.2647457122803
28.0518321990967
27.5233879089355
30.8412208557129
32.0989265441895
38.5666427612305
49.1383819580078
36.4127159118652
41.1798477172852
40.319995880127
47.2405662536621
39.8467292785645
27.4938793182373
31.782808303833
34.2685356140137
38.4533729553223
34.4500732421875
42.314640045166
40.3633003234863
42.5996856689453
40.8279342651367
41.7593193054199
35.9107818603516
35.8722648620605
37.7523727416992
37.4801788330078
38.4352798461914
38.21337890625
37.9600448608398
48.334602355957
44.5039100646973
47.8406791687012
37.4656219482422
44.0562477111816
47.6278762817383
53.427906036377
46.920825958252
59.2471618652344
58.2181510925293
53.0340919494629
45.2558708190918
48.0905723571777
47.4380912780762
44.3152961730957
39.249267578125
44.8072166442871
45.3979072570801
40.2773246765137
43.253231048584
49.2810897827148
38.0337333679199
39.8923454284668
46.855411529541
45.7338371276855
45.8013038635254
43.1130599975586
19.2918510437012
20.4677143096924
19.8448123931885
21.4671039581299
23.2156314849854
22.0829982757568
24.3116035461426
21.9253368377686
21.7192649841309
23.4644870758057
25.7636051177979
26.4843368530273
39.9875526428223
48.0589332580566
29.3151798248291
29.7549991607666
32.2027320861816
24.6946887969971
19.2197208404541
22.4526214599609
24.5463600158691
22.4019565582275
21.6823673248291
18.7481365203857
20.1276092529297
26.3694038391113
26.1967315673828
34.4355354309082
30.9072933197021
38.4291801452637
59.8151321411133
43.0083351135254
37.07861328125
36.1199645996094
27.5908470153809
25.1861572265625
32.572998046875
37.9864273071289
41.2587661743164
38.0508880615234
40.4196929931641
38.7952156066895
41.4364624023438
40.9656028747559
39.411750793457
39.4564628601074
35.9607086181641
44.2408142089844
41.3340454101562
37.3097648620605
37.9432716369629
43.5197143554688
42.8120994567871
51.5030250549316
49.7588272094727
51.7667236328125
38.8767509460449
44.4250602722168
39.8328742980957
45.8886299133301
49.0529937744141
68.9869689941406
58.3577194213867
54.1314926147461
52.9151725769043
46.0915565490723
45.2210502624512
44.5314292907715
41.2738876342773
39.8788833618164
54.1349678039551
39.7385330200195
36.8089981079102
53.2310562133789
40.6591529846191
42.2199592590332
46.5842437744141
48.2435531616211
46.5033226013184
44.2383232116699
19.4463062286377
21.5353164672852
21.8376483917236
20.9196376800537
23.2842445373535
24.9742374420166
22.6807041168213
22.3045520782471
20.3937644958496
20.2093200683594
22.7068767547607
25.4241104125977
26.2876968383789
26.8333702087402
37.1925392150879
41.3286476135254
28.8567447662354
18.3354759216309
19.6595439910889
22.8283023834229
25.4536819458008
23.230489730835
15.6231126785278
14.3638305664062
21.7642574310303
22.9815139770508
27.2804698944092
25.0892677307129
27.6959571838379
29.8868637084961
38.869270324707
34.7159881591797
40.1226005554199
36.170524597168
31.0123310089111
31.557430267334
42.5423164367676
43.475715637207
33.8592414855957
35.9948348999023
37.9074516296387
37.361759185791
41.187671661377
44.9163970947266
42.2955093383789
36.3337707519531
30.3341541290283
37.7959480285645
34.3725852966309
42.0806999206543
40.9990653991699
49.8045349121094
43.3676147460938
47.2146644592285
44.9932441711426
54.9467239379883
46.7966957092285
42.3412628173828
44.4025573730469
51.5799026489258
55.7851104736328
55.436149597168
43.4080848693848
53.2179756164551
56.7265930175781
48.0318756103516
50.7762298583984
54.6074371337891
38.0773124694824
43.8803482055664
57.9432411193848
48.1793403625488
36.3046684265137
50.8757934570312
48.1725196838379
48.4077377319336
49.995491027832
54.2107734680176
52.6491088867188
49.3000602722168
18.9555110931396
21.1824855804443
19.528003692627
19.9685173034668
18.4905281066895
17.9332828521729
16.6515636444092
19.1909942626953
20.7326183319092
19.6365184783936
18.8329944610596
22.1596908569336
21.7896099090576
20.312463760376
25.8752365112305
29.0093479156494
32.9828948974609
34.5355949401855
18.2036151885986
17.7318019866943
25.2410488128662
26.7674942016602
14.3325099945068
12.0565767288208
11.7313852310181
19.1192264556885
18.7073936462402
19.4225292205811
20.8054656982422
25.5605068206787
32.3936805725098
35.0143814086914
35.1606712341309
34.0400009155273
38.3862152099609
38.7385482788086
33.4030456542969
29.4710655212402
31.7552032470703
39.2884941101074
33.4530181884766
36.6695022583008
38.8308143615723
42.2777862548828
34.6366233825684
30.3182353973389
31.9814720153809
36.7242279052734
39.3934364318848
46.0695724487305
37.1785736083984
44.2616767883301
44.4299697875977
47.2402153015137
39.2974891662598
50.3203506469727
54.2790679931641
49.4802780151367
59.2550430297852
46.9725875854492
47.6404762268066
61.9658432006836
54.3496894836426
59.0108909606934
49.7986145019531
51.2486457824707
55.0670852661133
48.1669731140137
39.070930480957
57.1809539794922
62.4915199279785
50.471076965332
53.1247329711914
52.4697685241699
47.3514175415039
51.394718170166
53.2689208984375
54.6609420776367
54.5814666748047
51.9438858032227
18.0279331207275
17.6103782653809
17.8093338012695
14.4116668701172
15.8346195220947
16.3380451202393
17.4521064758301
15.1604347229004
15.681679725647
18.7054252624512
27.4579734802246
25.8003330230713
17.106616973877
17.0424003601074
19.6318416595459
18.479585647583
14.8906965255737
19.4487838745117
28.111234664917
29.7276554107666
17.1975421905518
27.9476795196533
23.0815277099609
17.2735042572021
12.1903171539307
14.9582509994507
17.962610244751
15.8409824371338
20.5707244873047
21.9804859161377
30.8758373260498
38.3357429504395
42.4570999145508
40.0042572021484
32.0082931518555
29.2523708343506
34.2743682861328
30.2641353607178
30.2173271179199
30.2636432647705
33.8490829467773
35.5230979919434
31.4800071716309
33.6355934143066
29.7592220306396
27.0346813201904
29.2874717712402
35.9188117980957
34.6301116943359
37.3467979431152
45.9355010986328
50.9846954345703
52.7151069641113
45.577449798584
44.5794448852539
46.6289901733398
57.4839897155762
49.607837677002
50.7172508239746
50.8265380859375
48.5920524597168
50.4575576782227
51.2273979187012
54.3401870727539
60.1711807250977
58.2736129760742
50.3474769592285
48.5584526062012
60.5148277282715
75.1662445068359
57.2958641052246
51.340991973877
59.9125709533691
56.3939399719238
58.1463241577148
62.6531524658203
57.8493957519531
58.6677207946777
55.719913482666
53.8557090759277
16.5440425872803
17.911958694458
16.1245918273926
16.074312210083
18.1839771270752
14.5811595916748
15.1645383834839
14.1117610931396
16.1744232177734
15.071813583374
21.2423305511475
28.0485248565674
24.216588973999
24.8350639343262
15.5779514312744
16.2075443267822
20.0897159576416
14.8033018112183
14.4723091125488
15.1495018005371
17.4974136352539
14.5405006408691
16.4681148529053
22.3118209838867
13.2662763595581
13.831693649292
15.6245880126953
17.5076370239258
19.6090679168701
23.8160800933838
29.1348896026611
27.6562480926514
28.2789154052734
27.0551567077637
21.3442687988281
23.3378067016602
23.6186656951904
26.8626499176025
26.4137268066406
22.7401218414307
26.3474521636963
27.3539447784424
25.7904586791992
28.5700130462646
25.127161026001
36.4741516113281
32.0336685180664
30.6524429321289
30.6898746490479
35.6238975524902
46.2965240478516
50.2932510375977
52.9516639709473
50.5163345336914
45.4692611694336
44.497142791748
60.4900169372559
53.7443885803223
54.0497398376465
50.9743232727051
49.1181564331055
50.8917808532715
49.0433692932129
48.2460632324219
42.5001220703125
51.9622764587402
41.5213890075684
51.1707229614258
83.1681976318359
67.3976745605469
58.5189552307129
52.7680435180664
52.7531661987305
51.8433380126953
54.375804901123
51.6651992797852
54.7086944580078
55.546558380127
55.685905456543
60.4597702026367
18.9100971221924
20.7200832366943
19.0340938568115
14.8330783843994
14.2290735244751
14.2772350311279
15.5251932144165
17.8239860534668
21.7942028045654
25.5187187194824
30.9413661956787
21.3952350616455
21.1165256500244
21.6817150115967
20.3744926452637
15.0568332672119
14.2135362625122
13.5131616592407
12.3160829544067
11.7934293746948
10.577615737915
8.9689359664917
9.47957611083984
11.6384935379028
12.7531204223633
12.7295637130737
15.1817293167114
14.5994291305542
16.9339237213135
18.46728515625
16.7975406646729
20.167236328125
17.773811340332
15.9371767044067
16.8394927978516
21.292724609375
18.7847919464111
18.26491355896
16.9843463897705
18.7249088287354
19.7860221862793
27.5226879119873
23.4634647369385
21.2892570495605
24.3507823944092
28.4278087615967
27.9115009307861
35.8346252441406
35.2181930541992
29.2487506866455
39.0250473022461
50.5219116210938
45.4733619689941
47.8324241638184
40.4003791809082
42.1359519958496
50.2516403198242
44.3414154052734
47.8568420410156
46.8909187316895
47.8977928161621
46.0150871276855
48.5260391235352
56.7975196838379
51.7838668823242
44.6107635498047
57.6208610534668
81.8186721801758
78.8456878662109
68.1849899291992
61.4727096557617
60.4463233947754
52.1493949890137
51.055419921875
54.1804542541504
66.5341720581055
55.8894729614258
58.3459091186523
58.5971794128418
67.4167022705078
18.8563823699951
17.5349712371826
18.0086574554443
18.0817413330078
17.304723739624
17.4344749450684
20.8644428253174
22.3538379669189
32.3127746582031
23.7605762481689
29.0767307281494
39.4225006103516
47.0538368225098
35.9862403869629
47.5102500915527
31.0320148468018
19.3583087921143
17.1376514434814
18.515811920166
16.1605949401855
14.8208885192871
10.173189163208
9.05873775482178
9.63441467285156
9.42877674102783
9.63670539855957
9.12793636322021
9.04910564422607
12.1481838226318
12.5098266601562
12.4840517044067
14.0506992340088
12.4136371612549
17.0903377532959
16.4386119842529
18.2744388580322
15.518256187439
16.7944030761719
13.6212472915649
15.5550136566162
16.3850498199463
18.0863075256348
21.416675567627
23.0982131958008
30.8927135467529
37.6354026794434
45.3307647705078
33.8053817749023
36.2504692077637
52.2834701538086
52.2367515563965
38.1965637207031
42.0221176147461
44.3958053588867
47.0860977172852
52.0722465515137
58.8513221740723
67.8774642944336
49.4792213439941
55.1401481628418
48.0204391479492
63.5884323120117
64.7507553100586
67.52978515625
51.9809608459473
69.6279754638672
77.9846649169922
74.3074493408203
65.6628265380859
61.6499404907227
69.060188293457
73.3994064331055
68.3376922607422
56.0981750488281
53.8012084960938
56.9035682678223
59.3754768371582
67.9773101806641
68.6883544921875
61.1775550842285
21.9949016571045
23.3406238555908
28.0950756072998
29.552490234375
33.7803993225098
29.359935760498
31.9547367095947
30.8831844329834
21.0684776306152
21.4446983337402
18.1703472137451
23.0680198669434
37.8973693847656
41.1228370666504
27.095853805542
32.892204284668
39.2197456359863
32.7730293273926
15.5432929992676
17.9932460784912
13.8911361694336
10.5265779495239
11.051721572876
15.6812257766724
9.22612380981445
8.86188220977783
8.84996604919434
8.13311576843262
10.4232492446899
8.85998821258545
10.7282047271729
10.4731826782227
11.8363952636719
15.9658555984497
17.2883167266846
17.1185913085938
18.6528244018555
18.4303932189941
19.2317085266113
18.3223285675049
25.0401573181152
22.4741153717041
24.6798782348633
27.1202278137207
28.2097339630127
34.5413208007812
38.6173095703125
35.3798217773438
41.6501770019531
41.3051948547363
54.8638916015625
45.7277488708496
57.0189361572266
59.8874092102051
68.4777450561523
67.2210922241211
64.948860168457
70.9998550415039
63.909610748291
59.2594566345215
62.3991661071777
76.2934875488281
76.9059295654297
69.1332397460938
84.3937606811523
74.6133346557617
64.6280364990234
75.4729232788086
69.0484924316406
73.38818359375
69.2157821655273
63.7280120849609
63.9683074951172
65.9412307739258
73.2389984130859
72.2895050048828
67.609375
72.8964920043945
72.3966598510742
72.5456161499023
33.1913299560547
34.1511535644531
34.842529296875
31.4517993927002
28.8313941955566
27.1409225463867
24.8727684020996
34.0952835083008
29.1751403808594
36.6396484375
39.0020790100098
43.2036590576172
44.384162902832
38.5364265441895
29.0139598846436
24.7558822631836
31.9394493103027
25.4752140045166
12.8268260955811
11.8504419326782
9.70102119445801
7.34707069396973
6.65338563919067
7.61337423324585
10.8867702484131
10.2242364883423
7.95282697677612
8.36083316802979
9.17760848999023
9.88221073150635
13.117301940918
10.5175838470459
11.7094068527222
13.7723178863525
17.5968971252441
21.0646934509277
17.4385242462158
17.2574787139893
22.5651721954346
25.0817127227783
25.2150268554688
28.7858123779297
28.2159729003906
34.108268737793
37.8668670654297
44.3936500549316
48.0490493774414
45.1876983642578
48.6353874206543
50.3006896972656
59.1501426696777
76.1414947509766
78.4788589477539
70.5779418945312
75.408203125
74.3783950805664
72.1616821289062
68.2946090698242
61.9732818603516
69.7139053344727
93.5876007080078
78.271240234375
68.4523544311523
75.9634780883789
68.7025146484375
65.4117889404297
74.7449035644531
81.7179794311523
79.782341003418
71.7320022583008
75.6773376464844
79.5727767944336
98.1262893676758
108.575637817383
73.2493438720703
77.5252990722656
80.1317520141602
88.2766723632812
93.9619293212891
106.920043945312
46.9964599609375
38.0544090270996
50.9738159179688
41.5596466064453
22.7176742553711
26.8988342285156
27.1670551300049
32.9197082519531
44.5130615234375
28.6882266998291
27.8448238372803
21.8776779174805
17.3906269073486
16.7846012115479
12.8030643463135
13.0260848999023
15.4221506118774
11.9128360748291
9.63247108459473
8.84980773925781
6.36664628982544
3.98810386657715
5.34006452560425
6.64983558654785
6.94003438949585
8.71233177185059
10.8977956771851
10.9008321762085
12.7780933380127
12.4748783111572
13.0349407196045
14.1257286071777
17.4330558776855
19.0724601745605
21.5876140594482
19.0733337402344
18.3592758178711
27.0706424713135
33.0069770812988
36.0234336853027
39.1207237243652
36.3173294067383
37.0264434814453
40.5472679138184
39.604133605957
43.6186790466309
73.2371978759766
77.0949401855469
76.404899597168
79.7515563964844
85.7444915771484
82.2501602172852
90.7099533081055
85.5650939941406
65.5829925537109
71.3894577026367
76.8268585205078
68.3344650268555
54.0357856750488
90.8393478393555
72.2011871337891
61.2098579406738
65.0746307373047
61.1953163146973
75.0235366821289
80.2632369995117
70.5520324707031
75.7754592895508
79.6400680541992
77.5789794921875
76.214111328125
75.3951110839844
78.4622344970703
80.7958679199219
73.6953887939453
86.0276565551758
87.1512756347656
96.8898696899414
96.8159790039062
76.8562698364258
29.9840240478516
25.185754776001
36.2061233520508
52.6377639770508
30.0058822631836
40.6113967895508
40.5582618713379
31.3796119689941
24.7923069000244
18.5624847412109
16.7243041992188
12.4353427886963
9.23819923400879
10.8353567123413
10.191198348999
8.52314758300781
9.59775924682617
8.09068584442139
8.19081974029541
6.99557495117188
5.56050729751587
5.44829702377319
5.72679615020752
9.27369594573975
8.07961177825928
10.6471719741821
12.7475833892822
13.7187910079956
13.6733427047729
14.3131151199341
17.9573612213135
15.1625099182129
18.9164409637451
19.3440284729004
21.4848804473877
24.8866844177246
27.6917285919189
34.8157730102539
30.2351684570312
35.1620025634766
45.877140045166
53.2173690795898
59.674617767334
57.8163414001465
43.6268463134766
51.4515724182129
112.086700439453
99.7627792358398
94.3715286254883
75.5996017456055
101.345733642578
111.02864074707
73.9402847290039
79.6397476196289
120.169929504395
95.9867172241211
72.6800308227539
61.9117469787598
86.2670516967773
80.7459335327148
76.827018737793
69.424072265625
82.0468215942383
92.5366363525391
76.8527984619141
82.3816146850586
71.3584289550781
70.4856414794922
67.4663543701172
69.3534774780273
97.2824096679688
79.3409576416016
69.1602401733398
92.4353866577148
83.7483139038086
85.6934356689453
90.937629699707
88.7978591918945
92.5573577880859
90.3114318847656
33.750617980957
33.2102355957031
28.2596282958984
19.5797214508057
20.7165412902832
35.4025115966797
21.4156150817871
14.1901168823242
16.4371166229248
13.4772291183472
10.7727584838867
11.5834589004517
8.48541927337646
8.61188507080078
6.31978273391724
6.69854784011841
6.67234897613525
6.74526309967041
6.17031192779541
7.36431407928467
7.83608055114746
8.83124542236328
10.1441335678101
12.7493267059326
16.545581817627
16.4218044281006
16.9335880279541
19.7319145202637
23.5823173522949
19.7489414215088
19.1485271453857
18.071475982666
18.1824169158936
19.6738357543945
21.3474369049072
27.018497467041
26.131067276001
33.8119430541992
45.0881118774414
42.3744316101074
49.7214469909668
48.3667068481445
49.0096321105957
47.4951210021973
62.801097869873
91.6825256347656
84.3952484130859
73.1304321289062
82.8248443603516
94.7350006103516
81.1551971435547
75.6061019897461
77.7807846069336
85.8778686523438
97.1663208007812
112.102073669434
103.95085144043
96.1067276000977
89.0333633422852
73.0351028442383
79.4241027832031
96.5054779052734
90.4582672119141
91.5163650512695
88.597770690918
83.0418243408203
81.1532363891602
80.6296691894531
81.209114074707
107.562591552734
94.3160171508789
100.833274841309
83.4326248168945
85.4029693603516
93.2881469726562
108.502822875977
102.771560668945
125.112411499023
129.720077514648
96.2484664916992
53.1460418701172
30.6016330718994
29.5243110656738
17.5849857330322
26.9246063232422
29.317626953125
32.0860328674316
17.7337627410889
14.3852128982544
10.372015953064
8.12796974182129
6.91056776046753
7.08109188079834
6.19458436965942
6.18079328536987
7.23799133300781
10.797682762146
17.9544658660889
18.5970821380615
11.5029010772705
7.89226102828979
5.95153760910034
7.84156036376953
7.44615268707275
10.454981803894
16.4509925842285
21.8413734436035
35.2325439453125
29.7306652069092
27.0710506439209
29.5480976104736
27.5638980865479
23.5748920440674
21.0117454528809
22.9830474853516
24.7808380126953
39.6399726867676
49.5233879089355
48.3427467346191
53.5183982849121
70.0943222045898
60.8765869140625
66.441032409668
74.843620300293
114.312057495117
93.2886352539062
87.9448471069336
84.6732864379883
87.5360488891602
78.0408248901367
86.014892578125
75.0694427490234
79.4489898681641
84.2815093994141
77.3664093017578
75.3976821899414
102.240348815918
92.325325012207
86.5639114379883
69.0775985717773
92.6114654541016
87.2744827270508
82.3855895996094
86.7573318481445
92.2378540039062
99.9498062133789
97.631462097168
90.2855834960938
82.4547805786133
83.6988754272461
92.9493789672852
110.576316833496
90.2698364257812
98.6273651123047
96.2255020141602
98.1976089477539
113.602973937988
87.1318130493164
87.9376983642578
87.6069030761719
45.5452499389648
36.6949272155762
20.7790775299072
20.6156215667725
21.5200634002686
24.9609107971191
26.3289852142334
32.0943450927734
21.4143581390381
10.969334602356
9.88728713989258
8.62836360931396
7.58506488800049
7.5972785949707
12.3870506286621
20.0445404052734
15.7944068908691
17.0842113494873
15.1043272018433
13.4626941680908
15.5472002029419
13.8850240707397
9.727707862854
9.06593132019043
10.7951517105103
13.7872905731201
17.8812618255615
26.0279026031494
30.1361217498779
32.5844192504883
32.357063293457
27.6687660217285
28.3792724609375
27.7397041320801
28.0443000793457
32.2900428771973
32.1552772521973
35.409065246582
45.4294967651367
47.836540222168
48.2317276000977
54.3464584350586
63.3596992492676
56.4100608825684
102.700698852539
84.6214294433594
96.0371704101562
83.3632583618164
71.7220306396484
72.8058624267578
62.3334617614746
63.2775917053223
67.6817626953125
80.2295761108398
88.1292037963867
90.1097869873047
99.7861404418945
109.577758789062
90.2376480102539
95.4000396728516
85.0271682739258
74.1850738525391
78.0393447875977
104.654022216797
112.24430847168
114.445281982422
109.101867675781
80.1499404907227
67.8838195800781
59.0617027282715
102.284729003906
83.1402969360352
88.0888824462891
92.2680435180664
91.7007827758789
95.4640579223633
88.1931076049805
92.697883605957
95.8727951049805
95.9181365966797
30.9869003295898
27.1528053283691
24.1417198181152
38.8007659912109
27.6371440887451
23.4005489349365
21.6006851196289
15.142014503479
14.9573793411255
21.8295707702637
22.8909149169922
30.1154689788818
18.4311141967773
17.9038162231445
11.9951019287109
13.9472379684448
18.4204082489014
18.8598384857178
21.095043182373
20.8338470458984
24.1256008148193
17.5339870452881
15.5216541290283
13.6697263717651
14.5198774337769
13.0326690673828
13.3504781723022
19.1936206817627
32.3414154052734
32.4133567810059
30.0379276275635
32.7818336486816
38.1884498596191
29.6768398284912
31.390775680542
37.5323371887207
39.0888595581055
51.5111923217773
50.840991973877
54.683048248291
63.5606575012207
64.2197418212891
60.851432800293
69.0392684936523
86.651481628418
74.031852722168
98.0861511230469
79.9630279541016
74.5875854492188
77.6290283203125
87.8632583618164
82.3297805786133
94.687614440918
83.2108306884766
93.6518096923828
111.231819152832
126.519348144531
107.73681640625
86.1699752807617
99.3452301025391
87.1692810058594
117.735809326172
110.863182067871
107.41170501709
143.230194091797
115.521095275879
96.3451080322266
79.9168548583984
64.2325668334961
104.71142578125
95.8911056518555
102.854446411133
110.414390563965
112.370391845703
91.3839111328125
93.7961349487305
84.1261520385742
101.600341796875
117.397331237793
95.9831695556641
29.9709777832031
53.3373603820801
52.4328498840332
35.4056091308594
26.9869689941406
26.1575050354004
23.8281898498535
25.1280708312988
17.7641639709473
15.0450887680054
17.2841758728027
20.5220432281494
16.8320922851562
13.9490566253662
15.2704572677612
19.944429397583
20.8600845336914
22.7658290863037
21.1373329162598
24.089994430542
23.9285850524902
21.7968349456787
21.5361137390137
19.9032211303711
19.0977725982666
19.7712726593018
22.3195838928223
20.6982612609863
21.8260879516602
24.5431747436523
36.4767799377441
28.6647205352783
28.1627178192139
37.2721138000488
33.4262542724609
35.7729225158691
42.7691345214844
55.0330505371094
59.1807174682617
60.6867485046387
64.4589996337891
58.106575012207
63.6679344177246
74.2986831665039
68.250862121582
99.3517532348633
81.6823577880859
79.4031524658203
81.7966690063477
71.8015594482422
70.9069213867188
70.7758255004883
71.8087539672852
76.4919281005859
83.306640625
74.6967010498047
86.1690139770508
72.8636474609375
119.880783081055
145.812072753906
108.570602416992
128.219223022461
101.917488098145
106.797805786133
108.196960449219
92.0837936401367
106.522621154785
133.183410644531
113.469680786133
146.021286010742
131.243499755859
109.992744445801
114.983177185059
123.496109008789
99.1466827392578
98.3825912475586
119.261657714844
100.760070800781
89.5901641845703
106.485694885254
33.9028015136719
59.0783996582031
77.3299331665039
67.8089141845703
55.5484428405762
35.1220321655273
20.3197174072266
16.7077922821045
23.5234413146973
17.3659934997559
19.8505306243896
17.1416835784912
17.2706298828125
18.3875942230225
19.7519378662109
20.7728977203369
22.5214252471924
20.2956676483154
22.9135589599609
23.6600761413574
24.4595069885254
22.8636035919189
22.0606937408447
22.3532695770264
22.8568859100342
23.8691711425781
23.0231895446777
23.9285984039307
23.1786251068115
26.5254650115967
31.5071239471436
30.149227142334
23.1410140991211
25.3590831756592
31.2691745758057
39.8881759643555
49.840274810791
51.2010078430176
52.8865776062012
50.2856521606445
51.3786315917969
55.6415824890137
74.9261016845703
74.5378799438477
92.2745361328125
99.2449722290039
76.8406448364258
73.8299407958984
74.5888671875
77.7577209472656
81.2794418334961
86.2507019042969
77.7828903198242
80.5251846313477
84.0662384033203
85.6331253051758
104.133148193359
113.90283203125
143.155166625977
125.87043762207
122.000839233398
127.095054626465
105.380638122559
101.032012939453
81.5771255493164
85.5889358520508
126.363647460938
117.119674682617
163.693695068359
142.635406494141
100.239784240723
135.586456298828
98.9028701782227
98.9067535400391
108.727081298828
104.806297302246
110.153457641602
117.445602416992
100.173187255859
103.622367858887
38.1368103027344
51.6995620727539
63.1056823730469
73.4155349731445
77.1788940429688
54.4032897949219
29.2185916900635
13.8811206817627
14.9402561187744
20.1364002227783
21.4303073883057
18.2840518951416
17.4019069671631
19.7966804504395
19.1707000732422
18.6952476501465
18.4600124359131
21.8589324951172
23.6828594207764
27.0632705688477
24.1734485626221
24.3036518096924
26.1066951751709
21.9211845397949
22.711109161377
26.2908897399902
26.7628021240234
24.2685890197754
22.5369472503662
26.9880046844482
30.0176677703857
29.5007419586182
31.9642181396484
26.7142219543457
39.1540946960449
51.5617141723633
50.1285629272461
62.3141975402832
55.9427337646484
52.5542221069336
57.9109039306641
60.8347434997559
126.667762756348
123.130912780762
105.620544433594
91.7109146118164
105.578498840332
101.929145812988
113.468368530273
93.2041397094727
91.8782272338867
80.7186660766602
76.1613159179688
75.7165832519531
83.0647811889648
91.5652236938477
99.4250259399414
114.650833129883
128.484527587891
130.782989501953
121.626083374023
87.2986907958984
93.6221008300781
166.18376159668
131.366363525391
144.394912719727
124.239891052246
145.941482543945
132.11882019043
121.013519287109
135.030120849609
128.370498657227
123.074066162109
149.76969909668
125.073028564453
119.638565063477
113.57381439209
111.008232116699
98.7042617797852
121.286819458008
70.0603561401367
45.9350814819336
45.1285247802734
61.5600433349609
68.1451110839844
88.0462417602539
85.3080825805664
28.486213684082
26.4508190155029
19.9155311584473
18.7354030609131
18.7061996459961
17.8244152069092
21.2537498474121
16.7335605621338
15.9923400878906
19.1408557891846
17.7398300170898
19.8122730255127
21.30832862854
22.2383365631104
25.0665969848633
27.3750839233398
28.4546413421631
32.3689880371094
30.4188213348389
28.488597869873
31.7087574005127
31.6159706115723
31.3549728393555
33.0187149047852
30.2315940856934
29.1921787261963
28.0695705413818
56.8869476318359
78.7418823242188
78.6371459960938
71.3344421386719
67.6191864013672
59.5652465820312
59.0575942993164
87.4889984130859
99.9421463012695
74.5199966430664
67.587287902832
85.5638198852539
81.4360580444336
76.0586013793945
91.0577163696289
88.0997619628906
85.7364807128906
81.193115234375
87.7800979614258
81.8599395751953
90.7187805175781
103.031806945801
112.318130493164
126.719039916992
140.702499389648
143.670791625977
138.318054199219
146.221206665039
101.297607421875
109.964866638184
119.736106872559
146.86946105957
121.635238647461
120.526428222656
146.728164672852
134.237289428711
163.498107910156
127.169906616211
140.040588378906
109.431510925293
138.912460327148
117.743873596191
131.692794799805
126.893173217773
123.557151794434
140.260650634766
40.1730117797852
28.9612312316895
28.128116607666
29.3956394195557
45.8313140869141
70.3326721191406
111.426254272461
77.9678192138672
32.8623962402344
16.7334098815918
21.5704612731934
28.0632133483887
24.9918117523193
20.726713180542
21.1559906005859
19.9698905944824
20.6363315582275
18.3440933227539
22.606575012207
20.7961730957031
25.759744644165
28.3217449188232
34.172191619873
35.0992317199707
35.7120819091797
35.3075942993164
32.7506523132324
30.4725780487061
35.3657531738281
28.6858615875244
33.1739196777344
27.055835723877
32.9715881347656
37.0568466186523
65.6490478515625
80.8495712280273
77.9950332641602
63.8848304748535
67.520751953125
61.0601043701172
55.5032424926758
73.5081558227539
137.936813354492
106.129325866699
99.8135299682617
95.0147323608398
96.9025039672852
99.4470901489258
102.602981567383
105.254669189453
92.7010879516602
86.7247772216797
80.2478790283203
97.8714599609375
113.655364990234
117.160202026367
104.781288146973
125.015449523926
124.053039550781
133.710357666016
171.332885742188
131.59538269043
148.421844482422
132.151443481445
119.559234619141
115.002296447754
121.036422729492
168.666595458984
162.002853393555
171.268173217773
141.957336425781
132.827239990234
153.947174072266
147.392929077148
143.082092285156
130.303115844727
115.181800842285
106.44800567627
130.08952331543
97.6032867431641
27.7326202392578
26.7416343688965
21.5523471832275
25.6447658538818
30.369514465332
52.3711395263672
75.2837905883789
87.0393218994141
93.6316452026367
63.9858436584473
31.8483657836914
22.4462738037109
25.2919311523438
24.8408946990967
25.0614566802979
23.2878856658936
24.4231910705566
25.1040515899658
26.5385513305664
27.863805770874
30.1470260620117
30.2889556884766
28.4890041351318
27.6091251373291
34.2441596984863
26.1151142120361
28.6312351226807
32.0504837036133
29.1493015289307
27.6480484008789
29.6728382110596
30.3164482116699
36.7402572631836
76.3026123046875
61.6600685119629
81.0074462890625
74.567497253418
85.5616836547852
84.6974868774414
64.2103881835938
53.731517791748
111.182106018066
83.3891372680664
88.2999114990234
105.146339416504
107.844596862793
137.036315917969
97.6330413818359
95.4473495483398
94.1933898925781
77.2403106689453
82.9332809448242
74.9383697509766
95.2275924682617
100.11701965332
103.090400695801
103.324363708496
109.139289855957
140.895751953125
124.306266784668
151.699188232422
160.630111694336
146.204971313477
125.448226928711
133.434631347656
114.654159545898
118.38508605957
133.800369262695
132.602905273438
114.154098510742
106.39722442627
109.88468170166
106.476875305176
104.238822937012
88.0741195678711
95.2091445922852
105.956390380859
111.056274414062
105.88712310791
91.3828811645508
33.0337753295898
26.1661338806152
23.0942935943604
22.9314022064209
33.7596778869629
44.0252838134766
52.4167175292969
64.8319625854492
96.0666351318359
141.542755126953
94.6510162353516
74.596565246582
35.915210723877
25.9587497711182
28.9685306549072
27.3451042175293
24.4818706512451
26.7992725372314
27.943042755127
26.0740871429443
24.4292163848877
28.5412273406982
29.069356918335
26.5853290557861
34.6371574401855
47.7902908325195
31.4712524414062
31.523307800293
33.4758911132812
27.8493499755859
29.8296966552734
28.4862403869629
55.6247100830078
98.729736328125
65.0257720947266
78.7754516601562
79.4099960327148
71.6453475952148
68.045654296875
97.0845794677734
97.8231048583984
142.88639831543
103.496627807617
106.90894317627
71.5036392211914
76.9452972412109
130.9453125
112.587753295898
83.8990097045898
64.9605484008789
60.8167762756348
71.1880340576172
73.3829879760742
90.9300689697266
96.8702239990234
91.6672210693359
111.418678283691
127.537208557129
126.974349975586
135.94026184082
122.867767333984
120.911117553711
95.9043579101562
106.431091308594
127.727615356445
110.143486022949
104.016998291016
107.198501586914
105.300445556641
106.341041564941
108.431564331055
125.861549377441
112.034652709961
90.606689453125
90.0752639770508
83.1028289794922
90.543830871582
95.6896591186523
97.3555374145508
96.8237991333008
20.161039352417
18.5934104919434
23.3009204864502
21.5248908996582
28.2391300201416
39.9617042541504
53.3471946716309
65.5585479736328
67.9478454589844
117.751190185547
132.252716064453
134.498291015625
82.8731384277344
59.9589996337891
52.2535171508789
29.2712821960449
29.3360233306885
23.3665580749512
29.3841304779053
33.9390449523926
35.7583503723145
29.3324108123779
29.8090133666992
57.7683181762695
159.398529052734
228.381118774414
137.070907592773
37.1515960693359
40.976490020752
35.8804588317871
31.7295246124268
30.9761161804199
40.2187042236328
45.05615234375
71.2720794677734
101.153762817383
58.222412109375
63.0738220214844
79.506950378418
84.8121490478516
84.3786163330078
89.6349411010742
89.9463806152344
78.4662017822266
93.5463104248047
102.955718994141
106.329734802246
102.631225585938
78.5811157226562
69.8257827758789
78.1652984619141
92.8792877197266
92.4339828491211
88.6732482910156
87.1349945068359
97.7068405151367
95.5688934326172
107.604530334473
94.2705383300781
96.2958755493164
109.907905578613
128.551498413086
126.552047729492
118.896438598633
105.131057739258
85.8138732910156
92.7755737304688
101.997695922852
92.338493347168
119.373550415039
119.103271484375
113.216522216797
96.2006988525391
88.8885803222656
96.0144500732422
96.6329727172852
82.1510162353516
91.2125091552734
91.5955963134766
96.7162780761719
22.352933883667
23.3007545471191
24.0590076446533
22.3853073120117
35.1118392944336
35.4792251586914
49.523494720459
50.6198043823242
69.8360061645508
90.634147644043
126.581871032715
126.17839050293
131.911483764648
149.133026123047
133.064605712891
119.78288269043
85.9437866210938
54.6748466491699
61.5152168273926
49.3376693725586
76.517463684082
86.1180725097656
96.9698791503906
221.226455688477
312.9189453125
221.599945068359
206.973754882812
139.604354858398
149.153045654297
45.499137878418
44.052059173584
38.4623260498047
40.1272392272949
47.5985221862793
52.3031349182129
63.5440711975098
76.8362045288086
67.3675308227539
79.6337661743164
80.8113479614258
77.6298141479492
63.0846214294434
80.6794281005859
100.492378234863
77.1061248779297
88.3009567260742
94.4419479370117
88.2566986083984
112.958236694336
74.1885986328125
91.9878616333008
88.5951614379883
107.844757080078
105.128715515137
80.7219848632812
74.4212341308594
88.1794357299805
103.166427612305
114.635307312012
88.1550827026367
105.726142883301
87.0194549560547
88.6836242675781
89.9880599975586
92.4041976928711
89.0400772094727
100.048889160156
106.622077941895
99.0949859619141
114.773979187012
135.473480224609
118.912391662598
88.5298004150391
80.6210784912109
87.4208908081055
87.4049377441406
78.3406600952148
78.5576477050781
94.2848434448242
89.7996520996094
30.2309246063232
21.9864768981934
30.5144386291504
43.4353179931641
36.6327934265137
46.2425270080566
61.0497360229492
71.4245300292969
58.8275947570801
85.6228561401367
92.4187850952148
94.5120315551758
119.306182861328
134.349822998047
148.343536376953
184.379821777344
160.192413330078
202.89697265625
366.252258300781
368.734710693359
377.168090820312
297.673095703125
214.93766784668
243.279266357422
156.450241088867
299.39501953125
179.150115966797
242.660995483398
125.518432617188
47.5514984130859
49.3266563415527
58.2216873168945
48.8821563720703
57.4550247192383
55.3363876342773
81.4137878417969
106.883224487305
84.9024505615234
75.5212783813477
83.1754302978516
64.9790878295898
86.4167251586914
90.1611557006836
77.8711776733398
88.5896682739258
106.684722900391
99.1432418823242
91.0882720947266
78.866455078125
111.219871520996
104.897392272949
134.378890991211
112.363616943359
110.157180786133
79.2081604003906
86.5915222167969
97.7145919799805
90.5009460449219
103.87858581543
122.778053283691
102.363227844238
100.349098205566
86.0694808959961
87.3844604492188
97.8711929321289
100.969329833984
123.412246704102
96.9978561401367
97.8372116088867
102.682723999023
109.491325378418
96.5087280273438
80.7882843017578
83.5057678222656
85.8696136474609
103.95240020752
90.0573348999023
75.072868347168
83.4004821777344
73.729377746582
45.4309692382812
44.5842056274414
45.8967971801758
63.9150886535645
50.7210426330566
72.5813827514648
78.7420806884766
65.7957077026367
79.2716751098633
73.2882843017578
79.8813858032227
89.6938018798828
104.965141296387
111.816047668457
91.8003616333008
94.9970626831055
124.995002746582
184.73014831543
206.226608276367
322.359466552734
288.318634033203
190.036499023438
224.41423034668
127.965576171875
149.116485595703
185.526336669922
125.225677490234
175.464950561523
79.9570159912109
60.3855590820312
50.799488067627
63.9674301147461
61.978946685791
63.4096488952637
59.0124473571777
81.8912200927734
84.4966354370117
105.237289428711
101.011619567871
112.269844055176
98.5114288330078
72.2070693969727
81.7446136474609
74.3071594238281
134.41960144043
118.886520385742
98.3307571411133
73.3923034667969
84.6316833496094
109.127372741699
128.513366699219
126.737617492676
67.1374816894531
82.4857406616211
93.3341827392578
108.873054504395
94.0827560424805
98.9944915771484
100.573722839355
90.4530792236328
95.6696319580078
91.9866409301758
84.5634002685547
100.80606842041
98.3437118530273
92.8379135131836
110.473403930664
120.558280944824
106.582061767578
98.2074432373047
83.5804824829102
98.2119140625
77.5971984863281
93.5333862304688
89.9157257080078
84.4329986572266
86.5321044921875
72.8897552490234
93.0104217529297
88.4187240600586
NA
NA
103.518310546875
63.2866477966309
74.3281784057617
76.8398284912109
93.4669647216797
84.2324447631836
83.0013427734375
87.3376922607422
77.5171813964844
108.752944946289
114.438827514648
73.0974807739258
87.5458297729492
88.9893035888672
96.6542129516602
113.772247314453
116.067436218262
155.044998168945
176.056182861328
258.264953613281
237.917236328125
219.229110717773
197.252700805664
105.211334228516
142.015640258789
94.5820999145508
79.6061248779297
68.1407699584961
63.7881393432617
56.6526565551758
46.1228523254395
50.2509307861328
64.8447418212891
92.2314987182617
84.1485061645508
86.8361663818359
107.093894958496
117.008224487305
78.1786270141602
115.230415344238
99.2413558959961
105.88208770752
84.0861587524414
90.1800079345703
92.3685607910156
94.0622634887695
112.771667480469
141.689865112305
169.394226074219
83.3000946044922
122.551971435547
126.28303527832
97.0369338989258
94.5853042602539
100.837577819824
102.580535888672
95.5623779296875
91.1239318847656
105.497177124023
83.0077133178711
84.4310531616211
80.876106262207
88.1163864135742
94.8555526733398
121.853073120117
101.91081237793
99.0799942016602
104.203628540039
95.5287475585938
85.1400680541992
88.6493911743164
84.4884033203125
68.1999206542969
60.8590621948242
71.1323776245117
76.6081085205078
72.4110565185547
74.43359375
NA
NA
75.9765472412109
114.803436279297
70.4309616088867
62.8457336425781
71.2419967651367
76.1206588745117
80.7507934570312
95.4656524658203
97.9885787963867
99.1343307495117
62.3855590820312
75.7250366210938
55.6838798522949
72.1498870849609
91.1317138671875
86.1165390014648
121.00846862793
123.045425415039
141.554412841797
131.228012084961
127.935348510742
101.283493041992
119.965202331543
101.325714111328
111.47590637207
129.264984130859
85.4982757568359
64.4468460083008
60.7158813476562
59.3261833190918
52.0530281066895
63.7817649841309
56.5236396789551
71.0805130004883
82.9896469116211
97.3543853759766
111.815734863281
124.241249084473
95.1322937011719
85.7201385498047
115.335418701172
127.230285644531
116.903915405273
79.5165023803711
106.185829162598
104.012870788574
98.7197113037109
113.605964660645
175.973754882812
94.590217590332
95.862419128418
98.0531463623047
86.0082473754883
94.6114654541016
99.5966491699219
106.017677307129
92.1222229003906
87.5478057861328
87.9475173950195
88.3931350708008
83.3604431152344
78.2599792480469
75.3648986816406
74.9700012207031
91.2733535766602
93.5499801635742
107.168685913086
85.9812316894531
91.3560638427734
74.0365371704102
66.2034683227539
78.8117752075195
62.3588218688965
70.2512817382812
71.1447143554688
73.216911315918
76.4183120727539
76.7155380249023
NA
NA
NA
70.1106338500977
47.5932426452637
51.012020111084
74.9081726074219
107.009895324707
105.46150970459
79.9210052490234
77.2091522216797
59.3649253845215
129.620651245117
70.5764770507812
71.6515960693359
86.9026184082031
86.1887893676758
96.03271484375
103.296684265137
94.8144302368164
73.8788909912109
135.893402099609
142.861282348633
76.0293731689453
168.985412597656
88.1110458374023
75.1994247436523
87.9443588256836
72.3618316650391
65.3364944458008
66.4021377563477
71.2774429321289
81.0618286132812
72.6816940307617
106.290161132812
99.0551681518555
101.175666809082
106.400741577148
93.3433990478516
70.1239318847656
76.6639404296875
66.1390609741211
95.2124099731445
82.7536544799805
141.05793762207
123.554153442383
158.406494140625
145.408935546875
133.765655517578
151.957275390625
197.661499023438
93.2395935058594
89.0126571655273
113.08430480957
102.630363464355
96.3881378173828
90.2032012939453
94.7681732177734
82.8904571533203
77.8922576904297
79.5139923095703
73.7637329101562
73.8658752441406
75.3772125244141
82.9860000610352
81.0514297485352
96.9957275390625
119.41284942627
100.566925048828
93.2881469726562
94.7730178833008
76.9819564819336
85.5739898681641
70.5341033935547
73.0441207885742
74.5570983886719
71.6722793579102
69.1174545288086
79.093994140625
83.4345016479492
NA
NA
NA
61.3722801208496
47.1810150146484
67.5359878540039
79.6895980834961
81.2316360473633
75.8195419311523
79.8848724365234
84.0217132568359
89.0661544799805
87.0552520751953
87.1689987182617
94.6723022460938
57.3204040527344
64.5200958251953
112.621734619141
180.598342895508
124.171760559082
120.950050354004
167.840362548828
153.733261108398
72.3052062988281
130.88410949707
79.4769058227539
75.5881805419922
88.7721252441406
92.6443023681641
65.1292343139648
78.9967651367188
68.8326797485352
76.710807800293
77.7509384155273
135.180786132812
125.73021697998
138.347702026367
111.04963684082
107.671073913574
101.450584411621
100.859313964844
78.3115768432617
106.670234680176
104.006088256836
121.061424255371
125.678634643555
128.460189819336
148.868347167969
110.046340942383
116.270919799805
106.689186096191
116.46900177002
110.497924804688
94.7719879150391
117.186660766602
115.46053314209
99.561637878418
89.7003402709961
81.0819702148438
75.7744216918945
73.3326873779297
68.3598098754883
69.4572219848633
78.3002166748047
91.8569564819336
91.2767562866211
98.1292343139648
79.7829132080078
85.3010864257812
84.1948165893555
83.9617462158203
82.048942565918
93.7848663330078
68.4351654052734
70.8984832763672
73.3235626220703
71.5968704223633
65.9412612915039
76.1570663452148
80.7729721069336
NA
NA
NA
79.2876739501953
44.8317489624023
72.3339462280273
59.6451377868652
67.7062072753906
69.695068359375
82.3653411865234
104.099273681641
110.109878540039
83.8942565917969
118.416030883789
67.6244812011719
65.0745239257812
68.5390243530273
121.224800109863
112.879058837891
103.07746887207
99.6423568725586
108.031806945801
105.121871948242
192.455078125
99.4999923706055
62.2102661132812
86.7605819702148
53.7734298706055
49.2633247375488
81.0223541259766
79.5904998779297
65.0211181640625
117.404029846191
79.5600204467773
95.5119781494141
128.780578613281
110.471855163574
132.450546264648
153.447418212891
128.181900024414
100.676277160645
168.387115478516
126.001960754395
121.565246582031
91.1664581298828
108.671508789062
109.651290893555
138.300888061523
142.550384521484
141.956451416016
129.003433227539
175.569808959961
128.444198608398
96.5624847412109
114.650093078613
100.417877197266
83.4217376708984
75.9895477294922
73.6053085327148
88.9738616943359
85.2998733520508
77.933219909668
81.8238296508789
82.2118377685547
80.479133605957
99.7875061035156
84.7147827148438
84.316535949707
73.9431533813477
86.0894927978516
77.4258575439453
70.1740951538086
91.2192459106445
78.0998001098633
75.4245529174805
73.542839050293
69.9135513305664
84.8931655883789
91.4291687011719
95.6028366088867
NA
NA
NA
NA
34.8023109436035
45.412036895752
55.4366683959961
65.2953796386719
67.7024993896484
69.0398101806641
101.318389892578
73.609016418457
82.3245086669922
61.8016166687012
61.9978332519531
98.3986053466797
148.164245605469
123.135948181152
135.125610351562
138.157669067383
105.240112304688
115.115356445312
139.585571289062
182.400024414062
85.3950805664062
100.410003662109
107.202102661133
54.9834861755371
127.335166931152
78.8749618530273
62.3799476623535
54.6158905029297
83.9891815185547
57.868953704834
79.49658203125
114.845703125
180.957748413086
150.144393920898
132.951416015625
105.496597290039
89.8930358886719
158.594451904297
128.055267333984
112.34130859375
104.650856018066
109.596733093262
116.268135070801
110.952529907227
116.739479064941
147.355010986328
136.156799316406
115.890380859375
106.496925354004
83.9448547363281
92.6869659423828
95.5398330688477
104.766159057617
81.4348754882812
87.7129898071289
92.6575164794922
90.7461090087891
89.5989379882812
99.5728530883789
85.401985168457
83.4427337646484
95.2138366699219
92.6744842529297
88.0882110595703
92.7965698242188
84.143798828125
73.6682662963867
72.5588073730469
79.3994522094727
76.0154724121094
82.3968048095703
73.2531204223633
67.8731689453125
83.2395782470703
99.9177703857422
88.4433975219727
NA
NA
NA
NA
33.3957290649414
43.5807723999023
43.5113754272461
61.4659233093262
72.4364547729492
67.1183776855469
77.7820892333984
94.4084625244141
79.3557510375977
64.4932861328125
83.3269958496094
123.482215881348
151.491500854492
117.061584472656
112.258934020996
115.297470092773
103.462554931641
124.366394042969
146.216430664062
170.157699584961
152.701263427734
87.2438735961914
162.37043762207
57.8950271606445
70.2660446166992
58.7329177856445
51.5281715393066
88.8872680664062
87.3880310058594
96.4039993286133
88.1762924194336
114.214630126953
152.017700195312
171.830093383789
111.144470214844
62.9193115234375
90.2474975585938
129.177841186523
135.618087768555
143.349258422852
118.51050567627
99.0849761962891
91.3278121948242
90.4077072143555
105.379745483398
132.064559936523
194.071151733398
86.1499099731445
102.252235412598
81.1830444335938
77.2325668334961
91.6295547485352
98.898193359375
89.74951171875
101.636650085449
97.6484603881836
95.9224548339844
91.4689025878906
87.9159927368164
90.1870422363281
91.2467422485352
98.4754943847656
97.1770629882812
81.0938262939453
77.8171081542969
77.3681259155273
81.4697036743164
82.7736434936523
79.7067947387695
86.9583282470703
80.0413513183594
70.1920928955078
77.8117828369141
81.4981689453125
79.784538269043
81.8791351318359
NA
NA
NA
NA
NA
45.1340751647949
46.4010276794434
65.5854110717773
48.7567100524902
53.5522346496582
64.8525085449219
79.6307525634766
74.6286468505859
74.7728576660156
88.4482192993164
96.3873901367188
136.314895629883
138.722549438477
118.553260803223
101.947441101074
115.424865722656
103.75855255127
120.509712219238
154.673690795898
83.5724334716797
80.7203903198242
131.573501586914
270.427612304688
57.3408546447754
102.914855957031
51.8600463867188
52.9923896789551
50.3061904907227
78.8794860839844
93.6198196411133
93.22802734375
127.262626647949
210.406036376953
127.759757995605
123.706405639648
141.67448425293
126.150573730469
138.675399780273
145.366333007812
133.77082824707
106.212562561035
96.1160202026367
98.3236541748047
97.9218521118164
124.662590026855
107.507301330566
50.221622467041
70.9362411499023
106.362518310547
85.0352020263672
85.6889114379883
105.768188476562
105.897598266602
86.2583389282227
114.705436706543
119.782684326172
90.7263412475586
95.0296859741211
94.3720016479492
98.9235458374023
99.8842239379883
92.7418212890625
90.0246124267578
79.914421081543
90.7457275390625
82.7149200439453
76.4007720947266
85.8110580444336
70.364143371582
82.4830932617188
86.1355972290039
71.3586807250977
66.1931533813477
71.1242828369141
71.4954223632812
NA
NA
NA
NA
NA
41.9900894165039
42.2797470092773
46.9587669372559
48.0173187255859
57.4836730957031
64.6828765869141
62.2856254577637
95.9081420898438
119.832145690918
107.607154846191
113.78125
114.959182739258
131.656173706055
102.694564819336
94.4098052978516
84.8328475952148
103.594108581543
105.606567382812
125.608871459961
56.0453834533691
75.6225509643555
126.511901855469
113.439270019531
123.457450866699
92.3069381713867
44.8248481750488
39.6690063476562
60.4006538391113
71.81005859375
49.2493362426758
73.5135116577148
65.5112762451172
118.05802154541
155.120315551758
139.737747192383
168.622009277344
153.760665893555
164.045974731445
135.00016784668
106.817985534668
105.437591552734
96.6755142211914
93.3326721191406
100.09619140625
119.641273498535
158.912155151367
55.3032608032227
143.430892944336
125.655235290527
113.569068908691
96.4499664306641
100.567855834961
97.1595840454102
100.36572265625
108.20418548584
103.862075805664
99.6352157592773
98.0159530639648
97.2113037109375
96.6649780273438
96.5150299072266
108.97444152832
86.5370483398438
82.4495544433594
79.7406234741211
79.4452743530273
90.1093826293945
74.8445510864258
68.099967956543
87.4531021118164
78.2353744506836
63.2597961425781
62.9699020385742
63.3921051025391
60.4966621398926
NA
NA
NA
NA
NA
42.8253517150879
46.358268737793
41.6638984680176
53.0722961425781
47.2760581970215
78.0413970947266
119.077713012695
128.777236938477
113.740646362305
118.840293884277
114.950859069824
101.455551147461
118.61408996582
110.505722045898
102.616477966309
94.4118804931641
98.5482940673828
109.125419616699
111.072174072266
95.4394378662109
113.795417785645
133.721389770508
146.761444091797
71.5623016357422
93.1838150024414
37.0861740112305
42.8556709289551
31.0158863067627
39.6313552856445
64.0196380615234
78.4408493041992
77.6843566894531
40.3652687072754
119.582298278809
136.931579589844
124.577224731445
119.250785827637
155.392471313477
106.591400146484
101.629776000977
113.477630615234
103.462379455566
95.0444030761719
93.6418151855469
92.0222473144531
46.9550895690918
66.2047729492188
116.936981201172
128.754089355469
122.452964782715
121.533180236816
110.672668457031
107.633819580078
121.690620422363
116.031105041504
100.61450958252
105.008148193359
98.2956771850586
102.149002075195
104.598510742188
108.438545227051
106.473373413086
94.7976455688477
94.9333877563477
90.0866546630859
76.0988311767578
105.690841674805
78.2817306518555
74.8306045532227
86.7794723510742
80.5653533935547
68.7544860839844
58.9205856323242
56.7602958679199
58.2014274597168
