"x"
NA
NA
NA
NA
38.0628128051758
40.4681625366211
42.0513763427734
41.4114303588867
41.5054016113281
46.4150047302246
42.4937591552734
42.0133972167969
40.1355209350586
44.2194786071777
50.6482620239258
46.1624603271484
50.4318695068359
102.744331359863
89.1989822387695
50.509838104248
47.5565147399902
46.6548500061035
55.4430809020996
77.7030181884766
87.7609710693359
79.2633743286133
89.4849014282227
86.2493438720703
67.9453659057617
62.133171081543
73.3798141479492
72.2365493774414
68.7271957397461
67.8559646606445
64.8302383422852
55.2486534118652
57.4838409423828
67.036506652832
57.6425437927246
66.3425674438477
74.177978515625
80.443000793457
85.4587783813477
101.089973449707
95.4710845947266
85.0853881835938
76.3271865844727
75.6224899291992
85.5142288208008
87.636474609375
83.2817077636719
81.6016082763672
82.2636032104492
85.1035614013672
74.4736251831055
84.6417922973633
83.920768737793
96.2127914428711
109.776329040527
102.102699279785
86.5227279663086
84.0882720947266
95.6595916748047
110.343315124512
123.023338317871
150.098709106445
135.498016357422
91.7001495361328
81.1410598754883
72.7086486816406
64.9945831298828
65.5539703369141
64.6986694335938
59.2005462646484
60.258373260498
60.6821365356445
65.5662384033203
71.7233505249023
77.6218032836914
74.4772644042969
46.7701873779297
44.7895812988281
43.3708000183105
41.7791061401367
37.7049446105957
37.7732963562012
37.4800605773926
37.1783065795898
37.7281227111816
41.2225494384766
41.5130348205566
39.5949516296387
39.8473281860352
45.9565620422363
48.9699516296387
53.189510345459
58.5433769226074
69.0837631225586
110.524505615234
61.785026550293
53.231029510498
51.9049606323242
72.5531539916992
113.64200592041
111.295593261719
82.1756057739258
66.1541442871094
67.4800186157227
74.5310134887695
99.3816680908203
103.519149780273
84.4514846801758
71.3536682128906
76.4186325073242
59.0522384643555
59.0732917785645
63.6329231262207
62.2125282287598
63.0619277954102
63.2538299560547
64.8102645874023
73.140495300293
78.4075012207031
74.3261871337891
74.6902694702148
75.9833831787109
76.6258316040039
71.8124694824219
82.9618835449219
74.9914474487305
84.1987380981445
95.1175689697266
94.9941711425781
87.5420684814453
84.5143661499023
89.1078338623047
85.3839263916016
93.338005065918
86.5194931030273
90.0077590942383
106.334991455078
110.576354980469
114.082229614258
104.613983154297
80.178352355957
93.1900100708008
92.2880020141602
104.997077941895
85.0299224853516
68.6165618896484
82.8971252441406
65.6968307495117
65.6058654785156
62.5362586975098
62.5981178283691
68.9964752197266
71.6190185546875
72.7426681518555
72.5088729858398
73.7682800292969
45.8001670837402
47.4003715515137
47.9595413208008
46.3701400756836
43.1609535217285
36.2341079711914
36.9577598571777
39.3349609375
35.4652938842773
37.7750930786133
40.4186973571777
43.9850769042969
54.1451148986816
59.2624855041504
62.3433532714844
62.1681594848633
80.5536499023438
99.6688919067383
109.484794616699
88.1891860961914
84.2937545776367
76.1424942016602
66.8050155639648
61.7737617492676
52.0761871337891
60.8527755737305
68.5738830566406
67.4244613647461
70.1230239868164
69.3993530273438
73.4319381713867
99.5614318847656
103.770988464355
79.0589752197266
74.6274261474609
61.4642639160156
63.533374786377
72.1410827636719
65.9314727783203
65.0211791992188
61.9222793579102
69.2658767700195
64.524787902832
71.412971496582
74.3822555541992
80.4424514770508
72.4540176391602
76.6371002197266
76.3919830322266
78.7251129150391
79.5932922363281
79.2064895629883
81.4096298217773
84.4527053833008
84.1121673583984
79.4530334472656
83.720085144043
94.4889373779297
86.7814483642578
94.4614639282227
106.173248291016
117.58226776123
94.3802719116211
88.1022644042969
69.8669815063477
94.2965621948242
74.9217376708984
71.4064712524414
78.2417449951172
75.7218856811523
69.0942840576172
76.3938598632812
69.6350555419922
70.1103591918945
69.0804214477539
68.0708312988281
68.9194946289062
71.4487075805664
72.89794921875
71.8933944702148
53.740550994873
52.828067779541
48.834644317627
40.7801628112793
35.584888458252
36.5362930297852
36.6935615539551
32.2486343383789
31.9146518707275
36.0127754211426
41.6150131225586
50.250171661377
72.1593704223633
72.6890335083008
65.5806503295898
68.0265197753906
98.7299728393555
92.9749755859375
69.2976455688477
48.6966361999512
42.1277008056641
43.4802856445312
53.6882705688477
46.8730659484863
48.7415351867676
55.1720390319824
58.7947235107422
66.4240112304688
65.5936737060547
73.0463180541992
92.1689758300781
73.2948226928711
76.3015441894531
81.525749206543
107.527153015137
87.0932998657227
55.3603935241699
57.7173538208008
57.2538986206055
66.1779708862305
66.1488647460938
70.1171112060547
71.7666549682617
75.5610961914062
75.0713729858398
71.6418533325195
65.9947052001953
67.9260482788086
70.2121963500977
67.8165969848633
73.1463241577148
73.1385650634766
73.7818908691406
83.495964050293
80.4853515625
85.9280014038086
73.0335006713867
76.4111633300781
83.1678009033203
94.5294342041016
85.7020874023438
98.1422119140625
104.363166809082
103.964332580566
76.4190673828125
89.2797241210938
82.0950698852539
73.2181015014648
68.8955917358398
88.2170562744141
87.5667037963867
75.9460372924805
75.426155090332
88.3489379882812
69.3087310791016
67.116340637207
74.2251205444336
75.656608581543
75.9640121459961
72.1701278686523
39.5305786132812
42.2220191955566
41.2852058410645
39.8830642700195
43.9674987792969
41.228343963623
40.838436126709
36.4674758911133
35.5359039306641
36.2438774108887
43.6834487915039
50.0236625671387
84.8172225952148
108.532653808594
60.9848976135254
59.2194747924805
65.0479965209961
54.8876342773438
43.7120742797852
47.3038787841797
55.7144241333008
46.3955497741699
41.0094871520996
33.7395286560059
36.4957122802734
52.7047424316406
51.9104499816895
63.8421859741211
55.6619529724121
69.8159027099609
102.17845916748
79.5461807250977
65.179573059082
62.3392181396484
53.0926513671875
50.1924934387207
55.4931869506836
70.2783813476562
72.6102752685547
71.1606674194336
69.7901458740234
67.8115997314453
74.6501846313477
67.8943099975586
73.8154678344727
75.256950378418
59.4709510803223
73.5717926025391
69.572265625
66.4567794799805
66.0795059204102
78.3344345092773
82.6416549682617
99.4302215576172
90.7804336547852
82.3166198730469
69.8299102783203
70.7350311279297
65.5172805786133
72.2953796386719
86.4719085693359
112.683937072754
97.7660980224609
95.4468994140625
101.789604187012
82.4332504272461
80.1600723266602
74.3001937866211
78.7908401489258
73.6725006103516
104.433250427246
72.4981689453125
71.3402786254883
119.31143951416
72.3574905395508
68.3795776367188
77.9408493041992
78.1675338745117
76.8155670166016
74.3839263916016
32.537353515625
39.2012367248535
40.9808349609375
40.9565162658691
40.7068786621094
45.239933013916
44.6487083435059
41.4952239990234
39.707649230957
36.9170837402344
40.179370880127
50.8446578979492
51.6807518005371
55.4836463928223
80.2584075927734
80.0893936157227
60.3791313171387
35.8573875427246
33.7001686096191
43.4492607116699
58.9435157775879
48.1154479980469
31.5092258453369
27.9391651153564
41.4024887084961
43.3899230957031
49.1155891418457
46.4747467041016
50.0440368652344
53.1595802307129
60.5203628540039
59.6088447570801
69.7997741699219
66.2672653198242
56.3703422546387
58.8063468933105
76.5687103271484
80.4030532836914
67.8489837646484
66.9352951049805
63.4150581359863
64.2597198486328
68.4566040039062
77.8927383422852
70.9130935668945
70.5200805664062
55.8084564208984
61.2396430969238
59.0276412963867
64.5393600463867
64.0270233154297
77.6025238037109
86.9157257080078
90.2515182495117
80.5596160888672
87.3473281860352
77.6085815429688
75.1021194458008
78.1441802978516
84.4704742431641
93.4986877441406
95.6265258789062
82.9195709228516
95.2928695678711
109.100364685059
97.8944549560547
93.3572235107422
101.147438049316
71.4316482543945
81.1888198852539
104.758666992188
80.7130508422852
64.6194839477539
93.5809631347656
83.6113510131836
77.3255462646484
82.9862289428711
84.7832260131836
82.9017486572266
84.4079360961914
32.7252769470215
35.4914436340332
35.2430953979492
37.0560188293457
34.263858795166
32.5087890625
31.92236328125
33.1953887939453
32.8397903442383
31.1033725738525
34.8125953674316
42.6533432006836
45.1770095825195
42.243724822998
53.0223541259766
59.5899314880371
62.1992073059082
62.7050590515137
30.5937156677246
35.1394653320312
43.9671325683594
48.0524101257324
29.140739440918
20.0281963348389
25.085277557373
34.6042213439941
34.5905227661133
42.669605255127
43.7494621276855
50.661018371582
61.1213150024414
63.3811454772949
61.6812629699707
58.0441474914551
64.6450881958008
68.931396484375
59.6199226379395
55.5802879333496
54.9278221130371
64.3652191162109
58.9744071960449
58.7225761413574
64.2413787841797
71.2431030273438
61.3295974731445
48.8311309814453
51.6337928771973
57.3019218444824
64.0252532958984
74.9003829956055
66.5015182495117
73.1170501708984
83.2221603393555
85.8318557739258
74.603271484375
82.7767715454102
87.0415496826172
81.3286514282227
94.6422119140625
75.9220428466797
84.5352401733398
109.196968078613
106.407104492188
107.933280944824
89.621337890625
100.503440856934
111.418998718262
92.7335739135742
71.2612609863281
95.1930465698242
111.007362365723
88.2593078613281
94.6128082275391
89.4599151611328
79.1417388916016
86.4260940551758
83.3073654174805
82.043815612793
87.5038375854492
85.3218460083008
31.7158813476562
34.4735984802246
32.1574478149414
25.6686058044434
26.7949180603027
27.056640625
29.9996871948242
26.6705265045166
29.3971405029297
37.1055564880371
54.0722846984863
47.6629791259766
32.2901725769043
29.4171314239502
39.9683685302734
37.6452751159668
28.571346282959
37.5282135009766
50.4559783935547
56.3038902282715
31.4901390075684
49.3824844360352
40.9479904174805
31.2804393768311
23.476921081543
26.8795604705811
35.6374244689941
33.0974922180176
38.6114692687988
43.998779296875
60.4467010498047
73.8437957763672
73.5830917358398
66.2825927734375
52.680233001709
46.1828689575195
54.5824661254883
53.1829414367676
49.7904319763184
47.9182586669922
49.0047836303711
55.6856117248535
53.3412094116211
55.6408462524414
50.3843574523926
45.107349395752
46.4761161804199
59.2360916137695
61.6368293762207
69.7477798461914
73.9899139404297
92.5341567993164
95.7176055908203
73.776123046875
72.4704055786133
77.2975234985352
88.3777313232422
87.7356033325195
89.0944213867188
84.0491104125977
86.2430953979492
87.4807205200195
87.6185455322266
95.1549224853516
105.180206298828
107.070343017578
103.754425048828
83.5220336914062
105.522445678711
121.426887512207
98.0259094238281
88.0751647949219
94.6955184936523
88.2152633666992
92.2888870239258
97.1418533325195
91.0308609008789
89.5257415771484
91.5629959106445
87.708869934082
27.4603080749512
30.6926918029785
29.4294910430908
26.4909896850586
29.019775390625
24.2618103027344
27.8659000396729
25.040340423584
28.9925212860107
29.9074249267578
39.7325973510742
55.2498817443848
52.5118446350098
51.4650917053223
28.1798782348633
26.3176860809326
31.5246429443359
23.8811473846436
23.8945693969727
29.4565753936768
32.018871307373
27.0096111297607
30.8976097106934
37.214225769043
22.5084571838379
22.3876056671143
26.2498226165771
34.2517204284668
38.0788497924805
42.8576354980469
54.3894958496094
50.1282157897949
50.7670440673828
44.8806190490723
37.983512878418
37.1735076904297
38.8708229064941
50.2481803894043
44.8739776611328
40.8476829528809
39.5501403808594
42.8456954956055
42.0678825378418
45.6169776916504
43.217472076416
54.2064971923828
50.4009208679199
51.3152465820312
53.0064582824707
63.5446624755859
83.9639129638672
92.6744766235352
86.5193786621094
82.0550384521484
76.6179656982422
78.543327331543
91.8783645629883
94.9273071289062
101.214996337891
91.5774612426758
80.6306304931641
78.4729995727539
81.1237487792969
82.183837890625
85.5299224853516
95.968864440918
75.2728118896484
84.748176574707
148.565231323242
110.498359680176
98.0910263061523
90.9085540771484
94.95458984375
87.0869064331055
82.1923522949219
84.7715454101562
85.8596115112305
89.6388473510742
93.9474563598633
92.9169006347656
30.2573719024658
31.9610042572021
28.890510559082
23.4505767822266
22.8660526275635
22.2155742645264
25.1805286407471
29.434455871582
38.1994972229004
47.8435401916504
57.082462310791
37.1353378295898
37.4795837402344
38.8855361938477
35.8071556091309
27.1310615539551
22.6164779663086
20.6675262451172
20.1829299926758
20.7827091217041
20.1026782989502
14.7251758575439
17.0338745117188
18.9399852752686
18.3971309661865
20.8066711425781
22.7615394592285
24.3951263427734
27.750431060791
28.4741992950439
27.4593372344971
31.5232410430908
30.0321044921875
29.1856536865234
29.6372547149658
34.5360145568848
31.2346878051758
33.2174415588379
27.8564605712891
30.0269145965576
31.630859375
38.9846534729004
37.7444877624512
42.9122161865234
42.2710037231445
44.7495460510254
49.6119918823242
58.6717262268066
56.9581718444824
50.452564239502
68.3746795654297
85.2313461303711
74.1898727416992
78.5903167724609
73.6455001831055
77.1174087524414
83.8687057495117
81.8723297119141
89.0893859863281
77.2087478637695
82.3223876953125
82.6222839355469
85.3662643432617
99.1308670043945
92.0597229003906
80.8404235839844
94.1646881103516
133.478805541992
120.010154724121
114.493553161621
98.4135055541992
107.017700195312
100.838157653809
90.421630859375
82.4963073730469
96.9016647338867
89.0123062133789
98.3850555419922
101.31371307373
119.305732727051
29.3205337524414
30.7238216400146
31.9795951843262
30.6905937194824
31.1710834503174
30.2711486816406
35.1347732543945
43.1264762878418
67.6006393432617
48.2105979919434
58.5393943786621
68.8253021240234
67.3139190673828
59.3234443664551
71.1552658081055
48.2926330566406
35.9938163757324
28.058765411377
30.0775699615479
23.5786800384521
25.6563720703125
17.6273708343506
14.6872940063477
16.060977935791
16.105037689209
15.7102680206299
14.7118291854858
15.3333616256714
20.0185260772705
19.6191463470459
21.0688648223877
20.4722747802734
19.808629989624
25.5142917633057
25.9065647125244
26.9257011413574
25.2127647399902
27.2187423706055
23.0335884094238
23.1790771484375
25.0856418609619
28.9653511047363
36.1092300415039
42.3192596435547
50.8790969848633
59.5723838806152
65.8124313354492
60.5118179321289
59.0463066101074
89.996940612793
87.5389099121094
67.6786270141602
73.0654907226562
76.4950103759766
83.3594055175781
98.6267929077148
105.035606384277
112.410285949707
83.6924743652344
95.3957977294922
85.3969497680664
111.431266784668
110.83024597168
115.885261535645
90.9915924072266
109.146690368652
132.16194152832
126.619483947754
107.432952880859
102.987632751465
119.494506835938
129.879043579102
108.84033203125
87.7453842163086
81.4821319580078
85.0378112792969
95.0455093383789
106.678443908691
108.591377258301
98.0499572753906
40.7343330383301
45.244987487793
48.8301658630371
56.4428749084473
58.3692626953125
52.818115234375
63.8599853515625
58.3827972412109
41.8129196166992
43.2550048828125
36.724853515625
46.80224609375
78.5077667236328
94.3174819946289
61.6401481628418
74.1103668212891
82.9228973388672
53.4487190246582
27.4060745239258
31.3949184417725
22.1833801269531
16.9562759399414
19.8825588226318
25.1660690307617
14.8103923797607
15.27991771698
16.9110221862793
12.4067211151123
14.2577228546143
13.2334432601929
16.3050403594971
15.9226875305176
18.5128269195557
23.8003158569336
29.5133495330811
26.7064666748047
27.5661373138428
25.7724113464355
26.1605091094971
29.7044334411621
35.5132904052734
34.7045669555664
38.0906677246094
41.3637924194336
47.5046653747559
55.6616744995117
66.7370529174805
68.0529861450195
76.1451568603516
74.9515380859375
81.5227203369141
75.6840133666992
82.3294143676758
96.7969284057617
105.748832702637
110.511787414551
107.881713867188
111.356735229492
105.446502685547
99.0294647216797
102.694763183594
122.781326293945
114.287696838379
107.240020751953
123.386245727539
121.74235534668
112.430503845215
112.790794372559
107.870483398438
118.65739440918
118.43083190918
111.262397766113
102.847526550293
98.8996429443359
110.259757995605
108.515907287598
102.254493713379
115.819877624512
103.685966491699
109.337760925293
57.6003341674805
68.4492034912109
65.3070983886719
58.6235008239746
61.0204620361328
67.3766479492188
55.1330299377441
85.9799041748047
62.6454734802246
67.7061157226562
75.6278762817383
77.0859832763672
79.6014785766602
67.174186706543
56.5824851989746
49.930046081543
55.7170600891113
44.2157173156738
18.2276477813721
17.3333301544189
12.5310726165771
9.80833721160889
9.93844127655029
11.1029119491577
16.5196228027344
16.6940841674805
14.2513637542725
12.7645816802979
13.5710554122925
14.8888273239136
19.1491527557373
15.7774391174316
17.2451343536377
19.7106685638428
26.7288360595703
29.9258804321289
25.4834403991699
26.7798824310303
32.1712265014648
38.8585052490234
41.7660675048828
47.6406745910645
51.2205009460449
52.4272918701172
60.2040061950684
70.2162857055664
77.5601348876953
69.6711578369141
81.6914672851562
97.8139724731445
99.4551696777344
108.418464660645
114.369659423828
107.118469238281
121.241195678711
119.148857116699
124.082588195801
122.105575561523
112.384696960449
119.62686920166
155.392303466797
118.549613952637
105.810096740723
112.459609985352
112.163124084473
103.577285766602
109.499702453613
124.692169189453
130.245407104492
132.1142578125
135.710540771484
137.16975402832
170.188125610352
160.733016967773
118.279891967773
118.352882385254
122.763999938965
137.12825012207
143.113037109375
164.441207885742
93.6217498779297
89.947380065918
105.722793579102
82.2881774902344
48.3502731323242
60.3684616088867
55.3301811218262
59.8053283691406
77.5955505371094
62.0590858459473
58.0868492126465
40.9234046936035
31.7203693389893
27.3255634307861
23.8830413818359
20.2668972015381
25.2732353210449
21.7807350158691
18.2696437835693
13.7289247512817
9.904860496521
6.92174959182739
8.76916408538818
11.0258512496948
13.0376358032227
14.8895492553711
20.9488830566406
21.761173248291
21.7911071777344
20.164867401123
21.406681060791
22.0309925079346
23.7217388153076
25.5025730133057
28.7438201904297
28.9011535644531
29.0236377716064
38.4384765625
48.0740432739258
56.0420532226562
65.5892105102539
65.4432830810547
67.9065246582031
72.6499633789062
71.6479873657227
66.4401550292969
103.909477233887
142.262145996094
121.665992736816
118.238578796387
123.404418945312
124.469665527344
138.185638427734
137.772354125977
105.279243469238
115.184204101562
131.897888183594
126.863731384277
88.6724548339844
141.764038085938
102.852584838867
96.9420394897461
102.071907043457
99.4891357421875
117.45817565918
115.776397705078
104.660026550293
114.031074523926
121.101493835449
124.023704528809
142.214233398438
129.216125488281
129.791030883789
126.192947387695
112.984809875488
132.966445922852
140.731903076172
148.945343017578
163.115921020508
136.407699584961
59.5321769714355
55.6183624267578
79.0284118652344
105.996131896973
66.0797805786133
71.3866424560547
70.6444473266602
66.0800704956055
51.9686508178711
32.7307281494141
28.4256458282471
20.5174999237061
17.7678070068359
19.4834213256836
15.6298942565918
14.3660383224487
16.0395660400391
12.5830392837524
12.244026184082
9.48747825622559
8.0978364944458
7.5252103805542
8.27914810180664
14.6451559066772
12.8985300064087
17.1629161834717
21.5907611846924
22.0220069885254
23.2850437164307
25.7431602478027
29.2057876586914
25.3560199737549
30.2974872589111
28.4369449615479
29.0664710998535
32.5310287475586
38.8816986083984
53.1021347045898
54.8052978515625
61.6292686462402
82.9779815673828
94.4947662353516
103.95565032959
95.4745559692383
81.9816360473633
94.738395690918
194.393203735352
148.991027832031
145.976013183594
123.697563171387
162.072723388672
167.161712646484
125.656547546387
127.614547729492
189.270614624023
158.470901489258
126.010948181152
104.530487060547
138.622573852539
119.103790283203
106.909767150879
94.3313446044922
106.224105834961
117.365653991699
112.768989562988
119.368103027344
118.117515563965
119.416778564453
117.700965881348
132.920028686523
150.6669921875
135.594619750977
119.756210327148
137.975738525391
133.639221191406
130.23698425293
143.459030151367
143.704681396484
148.820663452148
156.368408203125
70.6248016357422
58.3989486694336
51.1632652282715
40.2575798034668
50.6873779296875
75.7662124633789
43.4772872924805
28.9178619384766
28.7766437530518
25.212345123291
17.8515872955322
19.8255233764648
13.2560214996338
12.2896938323975
9.65949821472168
9.66503429412842
9.93663883209229
10.4791669845581
10.0279026031494
10.927755355835
12.5989370346069
14.4329814910889
16.6859760284424
21.5043106079102
28.7556381225586
27.9616775512695
30.3050365447998
40.173526763916
48.2097511291504
36.7388534545898
32.0052146911621
29.9265995025635
29.2393894195557
32.4983596801758
32.4494132995605
38.4733772277832
40.2160377502441
51.3776969909668
68.3395080566406
69.6666030883789
91.2546844482422
92.9373931884766
90.6502532958984
85.3781127929688
108.506546020508
168.134262084961
132.549789428711
126.316024780273
143.909591674805
160.944046020508
139.005462646484
124.858963012695
134.39338684082
136.553939819336
161.412933349609
203.142883300781
187.398345947266
167.28581237793
131.692459106445
110.113502502441
110.906967163086
123.084846496582
119.211090087891
129.150650024414
133.856201171875
133.948944091797
132.290908813477
134.067855834961
133.910705566406
173.340805053711
173.909622192383
143.461883544922
134.0009765625
129.081359863281
140.780731201172
163.789886474609
155.653579711914
177.939407348633
193.910140991211
160.620635986328
129.137557983398
82.51123046875
58.5350227355957
34.581844329834
57.4527702331543
61.8641815185547
62.4976081848145
32.5383262634277
23.2790298461914
16.7700824737549
12.7974405288696
10.9631185531616
11.1962919235229
10.190938949585
9.28324222564697
10.780424118042
16.5882549285889
31.5112190246582
32.6340560913086
22.1462459564209
15.3143930435181
10.6787300109863
11.2303304672241
11.172266960144
18.8419857025146
32.6695098876953
43.3247604370117
65.9171676635742
59.0381278991699
58.0324249267578
59.902473449707
47.5723342895508
39.1056327819824
32.8685455322266
35.2557830810547
40.0219383239746
56.9991912841797
72.2806930541992
78.6333312988281
84.5074768066406
109.802612304688
106.46614074707
113.541999816895
132.911056518555
194.552383422852
144.486221313477
145.609649658203
141.438629150391
139.377838134766
127.856895446777
143.264755249023
119.08610534668
116.868057250977
133.796936035156
123.987823486328
124.393112182617
194.280242919922
152.182952880859
134.928771972656
99.980842590332
125.943397521973
112.114768981934
122.058601379395
136.844497680664
149.141586303711
174.050857543945
178.159530639648
165.01286315918
151.496856689453
158.66650390625
140.537445068359
186.96435546875
130.403457641602
145.144927978516
146.533782958984
160.844268798828
176.203918457031
153.658950805664
147.895935058594
157.690734863281
91.8913650512695
86.9837265014648
47.8509559631348
42.8677825927734
41.7154312133789
51.3608436584473
61.3754272460938
62.4007377624512
39.0142021179199
21.2787494659424
14.8303833007812
11.4789171218872
10.6762027740479
12.2190456390381
19.4828052520752
34.8156814575195
37.8610877990723
38.1750869750977
34.0288467407227
27.916898727417
29.1931056976318
28.1981906890869
15.849175453186
13.8276958465576
17.3459949493408
23.5885429382324
39.0230293273926
52.7447929382324
59.2581977844238
67.8725128173828
65.1164016723633
61.2008323669434
55.2747573852539
49.2729454040527
50.1577301025391
48.2152099609375
52.8828086853027
63.5693626403809
77.1705093383789
83.5075378417969
97.4559097290039
105.823799133301
115.724243164062
97.8302383422852
154.877075195312
130.252868652344
146.512741088867
131.252395629883
115.463859558105
103.830093383789
98.2586364746094
98.4858169555664
107.924797058105
121.151657104492
127.532905578613
150.352874755859
164.573287963867
194.189590454102
126.947647094727
141.396957397461
120.69409942627
107.96639251709
122.071296691895
158.794204711914
180.842056274414
195.069747924805
191.543090820312
174.012344360352
144.76481628418
126.502464294434
160.576965332031
132.492416381836
135.874786376953
147.731353759766
149.098281860352
153.981689453125
167.376663208008
163.290756225586
177.766220092773
176.966217041016
60.0401954650879
54.1456642150879
53.6784896850586
71.4426116943359
61.9119148254395
41.5134201049805
50.3718490600586
34.7060432434082
39.2322998046875
52.9882202148438
46.1720848083496
52.9822578430176
43.4155387878418
40.9888801574707
27.5461368560791
30.2791709899902
36.618480682373
40.9297370910645
41.7077484130859
43.0205154418945
43.7055702209473
35.7063293457031
30.3324775695801
25.4519367218018
24.6018161773682
22.9984188079834
21.9388771057129
33.9288864135742
60.006103515625
60.0352363586426
60.722339630127
61.1308135986328
66.2138900756836
51.952018737793
54.3164710998535
62.7409973144531
68.6933212280273
91.1113510131836
102.737838745117
110.827598571777
117.375274658203
120.673866271973
113.049095153809
120.800994873047
154.473052978516
129.968399047852
142.227340698242
122.458000183105
114.419967651367
117.699554443359
139.208267211914
133.793609619141
135.705276489258
123.128128051758
141.021789550781
162.256866455078
213.746444702148
182.844940185547
155.7978515625
163.721740722656
149.062942504883
194.21452331543
175.017211914062
168.871887207031
214.493759155273
192.918640136719
193.430068969727
152.042190551758
119.06770324707
193.289138793945
165.894714355469
145.86083984375
147.931793212891
167.783889770508
159.511459350586
168.310607910156
151.464981079102
174.204605102539
203.755477905273
185.289810180664
59.5351371765137
114.076187133789
116.255859375
81.6005401611328
60.0965805053711
60.6186256408691
56.294921875
46.1386528015137
40.3988571166992
31.6160984039307
40.0041847229004
47.6313171386719
37.4946784973145
31.4479236602783
32.9932861328125
36.6784591674805
41.4404487609863
43.9944610595703
46.8230934143066
53.3440093994141
48.6823120117188
45.844123840332
43.6409492492676
38.7163467407227
36.2372970581055
36.7575569152832
39.4985389709473
40.9186706542969
46.9283485412598
52.5302085876465
72.2311172485352
57.7429428100586
58.4976768493652
67.1038970947266
59.8624610900879
68.3071060180664
83.1133575439453
109.890670776367
108.145454406738
113.12727355957
121.300193786621
106.800575256348
119.371704101562
140.120574951172
106.652168273926
158.118606567383
137.101776123047
140.461715698242
136.823822021484
132.775177001953
129.028579711914
114.794616699219
107.701454162598
117.529022216797
120.156784057617
118.405464172363
163.090270996094
135.961761474609
188.307052612305
236.758407592773
175.543548583984
180.941268920898
161.822204589844
166.411254882812
169.228942871094
148.274459838867
221.056304931641
249.858978271484
209.997970581055
243.140121459961
204.919464111328
173.689514160156
191.282165527344
206.594619750977
180.661224365234
184.6728515625
188.856506347656
176.505859375
163.152862548828
184.829299926758
74.4310302734375
126.65991973877
158.69172668457
148.765975952148
139.663146972656
80.9668350219727
44.3384590148926
37.4917869567871
48.2148170471191
41.0022392272949
50.741527557373
46.4643859863281
45.3311462402344
38.8724517822266
38.1656265258789
41.251823425293
46.8271217346191
41.4451560974121
46.842960357666
47.3241119384766
51.9348220825195
52.0486183166504
45.9512786865234
43.0617027282715
49.5718955993652
51.4617958068848
51.0325546264648
53.5747184753418
57.2457427978516
60.1468811035156
70.0156021118164
60.6706047058105
45.5921249389648
50.8455619812012
60.5273780822754
79.706672668457
98.2351303100586
105.399421691895
103.602912902832
100.368774414062
101.243392944336
111.033561706543
131.091812133789
123.627922058105
151.589767456055
158.084899902344
136.41862487793
136.811965942383
133.645767211914
139.091796875
132.564468383789
130.629745483398
117.068733215332
128.582412719727
126.057647705078
136.072372436523
183.047424316406
186.539764404297
226.952163696289
198.847122192383
191.004806518555
195.89778137207
178.855911254883
156.404174804688
120.388763427734
154.912582397461
200.715103149414
194.733352661133
254.580490112305
201.345855712891
186.187789916992
218.568939208984
196.149658203125
198.395355224609
180.725891113281
195.204742431641
193.36669921875
207.428634643555
179.306549072266
200.7763671875
81.9870834350586
104.54753112793
129.876678466797
150.791534423828
142.34716796875
115.15535736084
63.2647972106934
33.5965614318848
38.4597091674805
45.3168334960938
49.6512680053711
47.1487617492676
41.1517524719238
41.8986282348633
44.4879913330078
45.0415496826172
43.3315544128418
48.2090263366699
50.1621246337891
61.4998435974121
58.4607810974121
58.5992813110352
62.773796081543
56.878532409668
58.9560394287109
61.1380996704102
63.2784385681152
61.0361938476562
52.9546813964844
63.9843864440918
62.0723342895508
67.9729995727539
60.5049095153809
51.4194183349609
76.8727722167969
110.042556762695
119.562637329102
130.882232666016
111.516777038574
112.410087585449
125.640914916992
125.195503234863
199.920257568359
203.050979614258
176.274444580078
171.908309936523
182.946578979492
159.482971191406
168.664642333984
141.780624389648
141.346939086914
123.889457702637
122.34740447998
116.474151611328
123.174835205078
138.749053955078
153.165542602539
194.49772644043
202.326583862305
217.592559814453
207.011428833008
164.913314819336
176.747955322266
294.426391601562
227.096160888672
286.113525390625
218.306411743164
225.71208190918
217.238983154297
219.040374755859
220.407760620117
211.445251464844
196.814559936523
217.299346923828
196.823013305664
195.453857421875
216.833633422852
214.736557006836
199.778579711914
217.156402587891
133.659240722656
95.6898040771484
91.4216918945312
108.633239746094
132.846923828125
209.152709960938
168.89338684082
60.7681427001953
62.1382331848145
50.3847579956055
46.5296630859375
49.2428016662598
49.8087005615234
51.6603393554688
46.3464584350586
46.1141891479492
52.0116920471191
44.7692832946777
51.3842735290527
53.1905174255371
59.9415435791016
69.5579299926758
74.868408203125
71.9396057128906
71.4268188476562
78.145637512207
74.3745574951172
80.5396881103516
75.2915802001953
72.6569976806641
71.9747695922852
71.060432434082
65.4052734375
62.3727264404297
133.186706542969
204.149520874023
177.812713623047
163.931594848633
139.877746582031
119.570022583008
121.225776672363
151.11296081543
164.533554077148
131.785232543945
129.6748046875
142.823974609375
143.090682983398
127.035636901855
156.858367919922
142.320999145508
135.887496948242
121.376686096191
130.222702026367
134.185256958008
146.243453979492
167.654769897461
182.054626464844
219.555236816406
235.614303588867
249.178100585938
298.770599365234
250.117034912109
185.804718017578
218.457855224609
213.824966430664
266.541656494141
227.367218017578
219.257598876953
259.746978759766
231.450317382812
282.649993896484
223.676116943359
225.759658813477
203.501907348633
242.287933349609
213.656692504883
232.444946289062
219.394912719727
206.858306884766
224.920379638672
93.2292327880859
67.6863555908203
70.6344146728516
69.5883865356445
94.1854248046875
147.97184753418
232.176177978516
206.214828491211
71.9856567382812
43.7973556518555
63.4903793334961
61.9205131530762
63.2098121643066
57.4752197265625
55.1372604370117
49.7525939941406
56.3740692138672
51.1496238708496
59.7952003479004
54.955192565918
66.4696578979492
79.1775436401367
83.7781753540039
91.5619354248047
90.9496994018555
83.0396957397461
81.8273468017578
80.6651077270508
87.2234191894531
76.7009429931641
78.606201171875
70.5631790161133
74.0855865478516
85.4035339355469
178.013519287109
177.039154052734
167.722686767578
147.833480834961
165.730331420898
134.297973632812
112.723213195801
138.679809570312
220.300964355469
168.223159790039
178.021026611328
154.6572265625
163.221420288086
173.563217163086
169.345275878906
175.51579284668
150.928802490234
155.490600585938
134.183044433594
149.664794921875
171.032409667969
184.501174926758
178.637145996094
221.277191162109
226.884643554688
219.462432861328
319.694274902344
192.20280456543
253.270355224609
253.462753295898
220.118530273438
228.552307128906
235.75910949707
273.687072753906
271.012176513672
274.558288574219
222.723342895508
219.198532104492
250.401107788086
232.308288574219
232.097320556641
207.496459960938
187.715606689453
189.851028442383
239.928268432617
187.922225952148
75.2729873657227
66.3733139038086
53.6225280761719
61.3575820922852
73.8714141845703
109.537094116211
141.573791503906
199.909484863281
222.409652709961
141.81169128418
62.085693359375
60.0685997009277
68.5501174926758
65.3348159790039
63.9275512695312
64.7817611694336
69.1915817260742
65.777961730957
70.8147583007812
64.9058456420898
77.1282424926758
71.2817535400391
68.3143997192383
69.1950378417969
78.9931335449219
71.5186538696289
75.9434661865234
74.0705947875977
77.9217147827148
69.8966217041016
78.8479080200195
68.0456466674805
79.6049499511719
172.302291870117
136.107574462891
162.773971557617
141.962982177734
148.830337524414
146.747299194336
124.545341491699
113.543029785156
192.228668212891
154.820907592773
154.1474609375
181.421783447266
195.407684326172
219.899002075195
170.925552368164
169.233184814453
164.074310302734
141.739608764648
146.503204345703
134.548538208008
164.655410766602
185.793075561523
203.277221679688
188.570816040039
201.320007324219
237.278076171875
226.619110107422
266.514068603516
293.752960205078
265.265747070312
244.835418701172
235.913589477539
224.361419677734
219.255615234375
218.440490722656
210.511566162109
193.016586303711
191.317535400391
195.139358520508
190.151977539062
175.073684692383
168.430160522461
180.003952026367
198.95881652832
200.010787963867
192.381500244141
177.955261230469
70.6821441650391
61.0393409729004
55.8745079040527
55.8319664001465
68.0948257446289
101.54670715332
126.075523376465
151.031875610352
214.16731262207
279.735260009766
246.652847290039
168.485382080078
73.1324768066406
63.6071434020996
78.1896743774414
84.9332962036133
72.3455200195312
82.4147262573242
93.404914855957
69.9380416870117
73.6524658203125
76.9680099487305
69.411735534668
71.8930358886719
111.580436706543
151.609085083008
78.3765640258789
76.7335662841797
86.5318145751953
84.0268325805664
76.9164199829102
63.7247314453125
116.719604492188
206.983261108398
128.328826904297
151.308547973633
163.95263671875
125.317970275879
146.437408447266
202.241760253906
195.317489624023
245.948455810547
177.250625610352
184.618041992188
136.575988769531
156.183883666992
243.575698852539
238.47477722168
171.669616699219
147.446762084961
132.729919433594
139.66911315918
137.059173583984
172.27555847168
176.649963378906
172.895462036133
191.507995605469
209.202270507812
228.57551574707
247.277267456055
232.011810302734
220.574142456055
188.890640258789
190.773376464844
209.460311889648
192.336563110352
176.750823974609
192.210372924805
190.25520324707
189.099472045898
205.155609130859
215.495742797852
193.600769042969
172.814804077148
184.402557373047
184.598434448242
190.722564697266
188.278305053711
192.832733154297
197.822021484375
52.0151901245117
51.672004699707
48.3616752624512
55.655345916748
70.2001266479492
104.152877807617
131.94873046875
148.686141967773
171.24658203125
270.728332519531
326.619873046875
311.206512451172
211.588500976562
139.709426879883
132.337600708008
60.8457450866699
59.5530891418457
57.7093124389648
58.504451751709
62.797477722168
67.5475234985352
55.1885795593262
66.0325088500977
180.156860351562
537.587280273438
742.772277832031
437.681579589844
108.665504455566
107.629325866699
83.6714019775391
82.6699676513672
88.611930847168
105.229934692383
96.2802200317383
162.568542480469
204.970397949219
123.405906677246
151.55224609375
159.662811279297
175.565689086914
174.365051269531
170.900405883789
164.812225341797
154.164764404297
201.707015991211
207.991500854492
204.555572509766
210.012084960938
170.078384399414
151.656555175781
141.386444091797
162.773452758789
157.112731933594
172.282135009766
174.76399230957
175.856384277344
173.695083618164
211.855346679688
191.255264282227
191.696624755859
205.895172119141
206.911651611328
211.966827392578
194.453384399414
184.210723876953
151.230331420898
177.756423950195
185.82682800293
189.630142211914
222.912475585938
229.185195922852
212.102005004883
196.090393066406
200.729248046875
195.72575378418
196.902755737305
172.990570068359
172.530914306641
177.211090087891
184.530181884766
54.1802673339844
52.0448799133301
55.2745552062988
59.5374565124512
95.3421936035156
95.1267547607422
132.927978515625
151.77490234375
186.72265625
206.902847290039
285.605163574219
257.290130615234
297.427154541016
353.937683105469
334.487579345703
317.180755615234
259.096862792969
162.092254638672
163.64599609375
131.736968994141
200.290298461914
249.944381713867
250.054412841797
666.161071777344
936.817199707031
595.817932128906
707.82177734375
428.434051513672
495.9990234375
125.22248840332
116.375793457031
100.356369018555
96.9405670166016
92.3825454711914
117.261451721191
124.821723937988
155.139953613281
134.973129272461
168.780792236328
178.451278686523
168.751113891602
142.305313110352
155.483291625977
206.332702636719
168.551132202148
178.058685302734
200.282363891602
201.191558837891
216.239181518555
136.585876464844
192.990173339844
169.527618408203
202.800445556641
183.541854858398
160.717727661133
156.050994873047
182.440200805664
190.290451049805
199.497406005859
163.986038208008
196.833557128906
173.847808837891
177.946197509766
161.860275268555
162.481018066406
173.808502197266
200.223983764648
204.634979248047
202.960876464844
221.901596069336
253.15901184082
220.398422241211
179.787078857422
169.645385742188
169.718994140625
167.510452270508
164.252365112305
150.347442626953
166.145050048828
173.780288696289
68.4219589233398
57.3757553100586
73.9532623291016
90.9766159057617
92.3791732788086
126.236045837402
147.409713745117
170.000671386719
164.069198608398
200.632141113281
213.69091796875
241.71533203125
265.406829833984
302.534729003906
311.416961669922
391.367706298828
373.839477539062
415.862670898438
807.813842773438
1071.05932617188
1247.49328613281
905.684692382812
670.902648925781
703.019897460938
414.448211669922
1057.19641113281
496.068969726562
579.951965332031
355.177307128906
124.803298950195
138.87890625
163.665618896484
129.897216796875
124.558624267578
119.088745117188
176.408615112305
189.417953491211
179.588989257812
156.5107421875
174.445755004883
135.054611206055
171.536071777344
177.014694213867
149.210632324219
148.867828369141
186.589462280273
206.006637573242
182.54377746582
154.327209472656
214.844329833984
192.873306274414
244.525207519531
205.898529052734
191.910980224609
171.500061035156
187.053421020508
206.667419433594
192.436111450195
198.606033325195
209.382507324219
204.111251831055
187.306640625
185.701599121094
169.586166381836
186.660705566406
194.412384033203
227.077346801758
198.780914306641
207.020355224609
222.515731811523
219.713317871094
185.584609985352
158.771575927734
164.067276000977
169.759201049805
202.746459960938
176.420547485352
156.732162475586
178.545379638672
172.100921630859
91.7451553344727
102.955673217773
107.71704864502
135.434280395508
120.772567749023
160.248077392578
192.022994995117
161.239730834961
188.28303527832
205.768920898438
211.117736816406
239.937606811523
243.860107421875
274.434326171875
214.535491943359
226.684844970703
268.623107910156
370.656524658203
398.5625
733.220947265625
722.161926269531
426.060760498047
507.085083007812
312.795288085938
403.125457763672
413.369201660156
339.298645019531
513.250183105469
221.685363769531
151.225616455078
121.594741821289
121.821327209473
131.690322875977
128.790954589844
118.87434387207
190.701858520508
170.415634155273
211.599349975586
217.761825561523
257.503692626953
240.478622436523
157.156158447266
150.009674072266
142.763778686523
225.17041015625
231.531478881836
173.433898925781
145.446960449219
169.395248413086
209.667663574219
243.727447509766
210.443572998047
145.291076660156
165.745590209961
192.116729736328
195.21110534668
187.603973388672
199.763519287109
204.576263427734
198.638320922852
210.027206420898
201.046737670898
183.512939453125
195.801544189453
185.995346069336
191.475631713867
200.985534667969
222.619750976562
199.654113769531
220.881072998047
185.964721679688
172.388198852539
150.72135925293
170.71955871582
187.127212524414
191.521575927734
179.414810180664
178.696075439453
195.422760009766
188.398223876953
NA
NA
220.335876464844
129.659133911133
178.4755859375
172.55500793457
215.190032958984
197.930099487305
203.994522094727
203.146850585938
196.046737670898
257.864624023438
249.594436645508
205.872299194336
220.502319335938
179.845031738281
224.519424438477
269.499237060547
269.348266601562
294.098815917969
380.781341552734
616.523376464844
528.078002929688
388.30615234375
477.158782958984
265.424682617188
330.744812011719
275.719879150391
203.848556518555
154.353302001953
141.270462036133
125.955131530762
102.426216125488
106.992279052734
145.96923828125
166.667922973633
184.92008972168
204.943374633789
216.999420166016
271.202392578125
174.57341003418
260.418914794922
207.233367919922
216.566162109375
163.332824707031
192.905395507812
181.170974731445
214.987884521484
234.031478881836
248.490020751953
308.682495117188
171.889587402344
222.115905761719
224.407577514648
207.436431884766
202.304077148438
206.20426940918
211.396423339844
206.064910888672
208.721176147461
226.085983276367
190.692092895508
177.704696655273
178.264419555664
179.460464477539
204.174575805664
245.499206542969
206.474594116211
200.683303833008
199.563232421875
184.315689086914
172.808700561523
159.023147583008
157.503829956055
161.574951171875
157.15266418457
178.509887695312
189.559616088867
175.238388061523
180.484848022461
NA
NA
177.841201782227
231.89778137207
197.351440429688
148.879989624023
175.625579833984
182.133026123047
199.518325805664
211.696334838867
214.657150268555
237.961181640625
157.480987548828
188.664779663086
141.876083374023
164.736419677734
195.968948364258
195.917129516602
239.971603393555
247.723510742188
289.958831787109
273.530731201172
256.622344970703
288.145385742188
273.171142578125
214.58415222168
243.929122924805
240.909378051758
214.36540222168
149.030944824219
143.544921875
132.809371948242
120.884002685547
131.395141601562
120.624938964844
132.024932861328
164.246734619141
204.630111694336
225.854232788086
254.39176940918
221.985397338867
178.257537841797
244.198715209961
288.30810546875
271.958526611328
160.995239257812
241.119888305664
202.597702026367
215.23014831543
225.687957763672
315.867065429688
176.508178710938
216.850448608398
216.936981201172
193.151077270508
215.12907409668
228.475357055664
235.731781005859
209.315490722656
214.729598999023
206.112197875977
189.851928710938
172.175582885742
177.061187744141
186.981231689453
191.829544067383
206.992492675781
200.860382080078
208.31315612793
194.166549682617
207.412185668945
174.867462158203
161.339782714844
167.14924621582
171.772354125977
180.101119995117
185.395614624023
182.051483154297
171.260681152344
184.463363647461
NA
NA
NA
157.872604370117
120.460273742676
123.853324890137
174.654739379883
275.632446289062
257.842864990234
190.531631469727
229.176086425781
128.861541748047
258.334930419922
170.020095825195
170.361511230469
194.497375488281
178.738250732422
210.963760375977
189.801834106445
181.051818847656
177.527114868164
267.596710205078
294.410400390625
162.731857299805
293.928100585938
177.203216552734
167.949813842773
187.096252441406
186.838760375977
157.86882019043
143.086196899414
157.226165771484
200.030090332031
148.812515258789
240.653091430664
192.293228149414
199.106872558594
174.861282348633
168.569747924805
148.032073974609
168.804290771484
136.829605102539
175.087554931641
171.387496948242
294.098541259766
244.371643066406
270.212554931641
248.59700012207
269.516540527344
314.819427490234
376.676391601562
191.945129394531
218.278472900391
219.712554931641
220.726989746094
220.372360229492
210.320220947266
212.232330322266
208.063629150391
206.30517578125
191.371032714844
187.552474975586
186.857635498047
193.804611206055
200.777313232422
200.897705078125
214.471405029297
240.423355102539
211.526443481445
214.445449829102
211.853332519531
183.592498779297
183.280609130859
177.797821044922
185.390777587891
189.934707641602
197.072937011719
184.346176147461
183.210220336914
208.683166503906
NA
NA
NA
155.640228271484
105.796447753906
164.913543701172
198.273956298828
177.990249633789
180.14225769043
197.881118774414
213.324447631836
204.732391357422
207.579620361328
203.487045288086
205.783920288086
132.603332519531
159.380386352539
226.077972412109
371.296783447266
246.250305175781
285.426055908203
396.159393310547
353.117279052734
161.394546508789
241.750305175781
144.235229492188
139.962982177734
221.905014038086
205.35871887207
145.106491088867
163.397094726562
145.421859741211
175.658767700195
172.609069824219
383.051422119141
245.641021728516
256.908874511719
197.119079589844
254.941345214844
219.076995849609
208.510284423828
164.792739868164
249.818572998047
247.254440307617
262.775970458984
266.327270507812
255.000823974609
296.821746826172
266.168579101562
258.710083007812
254.552764892578
230.905044555664
225.847244262695
207.786346435547
246.861190795898
247.712997436523
224.791229248047
211.627563476562
198.650161743164
187.763244628906
192.5576171875
187.02766418457
192.398162841797
195.577774047852
209.435943603516
207.047576904297
213.364883422852
194.276306152344
209.380447387695
207.990676879883
200.717636108398
195.733642578125
203.148422241211
181.288833618164
179.588882446289
202.497802734375
197.414825439453
183.624542236328
207.653625488281
211.113311767578
NA
NA
NA
191.271453857422
96.0357894897461
144.753372192383
142.652603149414
163.244293212891
177.98225402832
194.762100219727
243.350769042969
243.826477050781
182.257034301758
273.151245117188
158.762298583984
159.778167724609
154.848556518555
269.890075683594
260.407958984375
266.954223632812
268.682708740234
281.911743164062
232.187561035156
531.931274414062
200.255447387695
135.519622802734
168.863586425781
118.504745483398
116.043121337891
187.74494934082
185.708084106445
132.094421386719
298.835327148438
163.880233764648
179.455154418945
223.201675415039
188.504486083984
282.530639648438
311.489471435547
289.080627441406
198.876174926758
334.689819335938
287.88916015625
266.680145263672
231.711547851562
262.458038330078
259.659576416016
277.772918701172
305.39794921875
303.763275146484
276.990295410156
319.877105712891
255.245727539062
208.45442199707
232.281341552734
220.135055541992
214.500854492188
205.99885559082
203.284210205078
219.16291809082
203.046325683594
200.00910949707
201.213165283203
199.193878173828
200.97184753418
218.974304199219
202.403793334961
205.782379150391
201.782196044922
210.818634033203
201.12516784668
188.807189941406
205.572250366211
196.366744995117
207.45393371582
207.290573120117
200.735626220703
213.873336791992
221.288284301758
228.194213867188
NA
NA
NA
NA
81.6677627563477
102.973358154297
126.845336914062
154.153350830078
173.646591186523
177.589401245117
286.524108886719
182.066848754883
216.405334472656
148.337600708008
136.495895385742
233.009231567383
298.293029785156
267.860290527344
281.260284423828
291.698486328125
252.001571655273
271.018676757812
354.060302734375
431.841339111328
197.315002441406
194.980056762695
285.600830078125
147.646392822266
368.475402832031
179.147918701172
140.157409667969
131.583755493164
172.384033203125
132.447494506836
150.562881469727
224.860824584961
358.6708984375
303.408020019531
280.853118896484
195.67919921875
173.056976318359
312.074005126953
287.166320800781
284.520599365234
255.308380126953
263.947113037109
260.069396972656
274.544830322266
276.770599365234
308.130554199219
343.222839355469
270.720397949219
216.30126953125
198.103820800781
202.85383605957
206.023406982422
235.278656005859
209.762481689453
217.82551574707
227.249114990234
223.966857910156
229.420974731445
243.385772705078
228.520324707031
226.094650268555
242.707931518555
234.185638427734
234.169616699219
220.515960693359
212.51953125
193.163131713867
186.761016845703
194.302597045898
206.285583496094
208.401168823242
210.606582641602
193.875244140625
201.389114379883
222.302017211914
214.406280517578
NA
NA
NA
NA
77.1537704467773
94.2932662963867
114.856155395508
164.352294921875
168.223907470703
171.63883972168
211.180892944336
256.198028564453
212.696029663086
152.386596679688
187.703369140625
268.076416015625
335.53564453125
251.490325927734
255.914306640625
266.586791992188
253.71321105957
286.472686767578
342.775695800781
456.327880859375
404.140258789062
192.616683959961
448.294403076172
159.704574584961
155.081420898438
153.852813720703
126.318466186523
202.654296875
218.614074707031
251.555618286133
179.002258300781
244.316909790039
374.238189697266
335.073944091797
220.949752807617
156.736862182617
209.798385620117
284.288452148438
297.582733154297
321.291412353516
284.789581298828
265.855163574219
256.411407470703
262.588714599609
269.072509765625
330.932189941406
403.897247314453
167.832015991211
201.381256103516
182.0673828125
184.263885498047
204.612457275391
251.782440185547
227.707458496094
239.31086730957
239.291732788086
231.555221557617
235.539520263672
245.957534790039
242.857513427734
242.737518310547
253.48388671875
236.373809814453
224.140106201172
210.865814208984
213.15788269043
208.51594543457
202.811706542969
210.132751464844
213.319442749023
195.961776733398
182.14631652832
193.487777709961
207.929000854492
205.612991333008
216.34375
NA
NA
NA
NA
NA
105.708641052246
118.653060913086
184.801818847656
120.411109924316
143.607940673828
165.333908081055
210.4873046875
154.72102355957
201.530014038086
233.177536010742
248.954040527344
300.401611328125
319.100769042969
265.324066162109
244.98371887207
266.756439208984
270.771606445312
305.263916015625
404.059906005859
180.517974853516
222.882598876953
408.823486328125
759.5810546875
140.755615234375
293.234344482422
129.500930786133
118.088119506836
126.674224853516
162.866394042969
222.464080810547
217.619552612305
281.110137939453
446.148101806641
307.186553955078
308.601776123047
330.785675048828
276.739898681641
298.441497802734
332.307952880859
319.762145996094
272.321990966797
265.067230224609
271.705993652344
280.189483642578
381.240905761719
244.883865356445
112.207015991211
148.539184570312
222.776672363281
213.015151977539
226.480773925781
252.3994140625
252.464324951172
232.593734741211
271.523620605469
265.302459716797
247.956466674805
254.655899047852
256.890960693359
256.479827880859
255.246871948242
243.312286376953
232.896728515625
212.515609741211
238.057601928711
222.586441040039
203.351486206055
194.466430664062
180.802139282227
185.977020263672
188.946380615234
190.545989990234
184.76301574707
179.003952026367
188.15576171875
NA
NA
NA
NA
NA
98.2610626220703
104.956016540527
133.780166625977
136.302154541016
133.031127929688
157.887573242188
146.531860351562
257.407165527344
304.357666015625
305.636260986328
286.425476074219
291.738433837891
317.339416503906
273.0126953125
249.062469482422
244.669769287109
258.469665527344
277.055999755859
321.125183105469
163.579544067383
169.562606811523
315.59130859375
291.836456298828
305.522430419922
218.793930053711
118.566230773926
97.2378540039062
133.37939453125
140.211776733398
127.163444519043
205.900680541992
159.339218139648
290.576324462891
345.330718994141
364.192840576172
345.353759765625
302.307037353516
307.557739257812
285.924438476562
265.300476074219
272.854370117188
270.285736083984
270.326110839844
309.405517578125
399.024078369141
413.034851074219
110.418403625488
277.458282470703
254.331741333008
274.132873535156
288.895050048828
302.311401367188
304.227081298828
294.580352783203
301.018585205078
275.467498779297
271.891418457031
286.032043457031
267.325866699219
266.593200683594
258.468841552734
256.015869140625
243.055435180664
233.983596801758
228.634140014648
223.211776733398
216.95246887207
200.927856445312
192.795761108398
206.659545898438
195.385330200195
182.147827148438
169.20915222168
169.9267578125
174.50439453125
NA
NA
NA
NA
NA
96.5058975219727
101.369857788086
109.283782958984
138.801284790039
123.514785766602
192.161758422852
285.937164306641
293.110900878906
293.831909179688
291.647003173828
291.820953369141
278.769287109375
278.872161865234
269.291015625
263.502075195312
257.136779785156
265.616119384766
282.318756103516
300.077484130859
306.016693115234
370.054016113281
417.690155029297
516.216369628906
222.681945800781
192.063674926758
92.0634765625
108.674629211426
91.2124786376953
99.6920547485352
143.476348876953
218.18537902832
219.680892944336
97.2128143310547
294.373565673828
350.367340087891
297.222534179688
282.652069091797
344.304992675781
273.480682373047
266.699615478516
276.839965820312
287.320556640625
294.202728271484
307.798706054688
313.078857421875
138.040115356445
122.771697998047
249.911575317383
258.774963378906
285.408447265625
300.608032226562
289.043701171875
303.174530029297
299.988952636719
298.149932861328
269.248382568359
263.925933837891
269.670623779297
262.627136230469
265.024322509766
260.671081542969
248.463531494141
244.324279785156
235.478439331055
229.430908203125
209.969665527344
235.73860168457
193.183822631836
189.383697509766
202.979248046875
193.577896118164
186.429763793945
170.659957885742
165.754043579102
167.440505981445
