"x"
NA
NA
NA
NA
3.68515062332153
3.60698461532593
3.67525577545166
3.62141585350037
3.66009569168091
3.81433343887329
3.78380370140076
3.8084180355072
3.71716952323914
4.0453896522522
4.28427171707153
3.78349471092224
4.24120044708252
7.63030767440796
6.61383008956909
4.49734258651733
4.04467535018921
4.16844987869263
5.00482797622681
6.25435829162598
6.22100067138672
5.58406543731689
6.44179201126099
5.86404609680176
5.01306295394897
4.74872827529907
4.64149808883667
4.623366355896
4.33602142333984
4.27006483078003
4.24912929534912
3.97859811782837
3.99076819419861
4.27167272567749
4.02033805847168
4.74111413955688
4.87840414047241
5.22043704986572
6.7332124710083
7.03716516494751
6.97521829605103
6.47563886642456
6.21357488632202
6.05286121368408
6.19223690032959
6.26515579223633
6.22761917114258
5.92631053924561
6.26286554336548
6.85851907730103
6.26766395568848
6.2395715713501
6.53321695327759
7.51995372772217
7.29970455169678
7.43959760665894
6.88264608383179
6.72904539108276
7.23202276229858
7.62748908996582
7.88041019439697
9.66078281402588
8.91994571685791
6.82740592956543
6.42557382583618
5.79564762115479
5.45310926437378
5.39858627319336
5.32365226745605
5.27289628982544
5.04423427581787
4.88176441192627
4.866614818573
4.88607025146484
5.07686424255371
5.0334677696228
4.06979417800903
3.99874448776245
3.89429426193237
3.85291194915771
3.65190696716309
3.49769592285156
3.54908847808838
3.57491970062256
3.57034015655518
3.78784680366516
3.82447981834412
3.82748174667358
3.87388920783997
4.21403360366821
4.42172431945801
4.61394309997559
4.82195234298706
5.42990779876709
7.66912364959717
4.64187812805176
4.62132978439331
4.62962198257446
5.58270359039307
7.79978799819946
7.73024034500122
5.71478986740112
4.64503955841064
5.19198322296143
6.54443216323853
7.13936376571655
7.06424903869629
5.41503190994263
4.788010597229
4.82595729827881
4.33998155593872
4.42085647583008
4.27563714981079
4.3985071182251
4.34651231765747
4.58814811706543
4.6758508682251
6.29191064834595
6.27422332763672
6.17899751663208
6.0430736541748
5.99928998947144
5.87609481811523
5.82876920700073
6.32815790176392
6.09124803543091
6.38037538528442
6.67157506942749
6.54106187820435
6.31978511810303
6.25949621200562
6.61663246154785
6.7604079246521
6.90630388259888
6.46840906143188
6.66733169555664
7.14477396011353
6.7556037902832
6.78449392318726
6.46944379806519
5.59545040130615
6.83392429351807
7.06242752075195
7.677903175354
6.59406661987305
5.85718154907227
6.99405288696289
5.83263683319092
5.72353315353394
5.70870923995972
5.42034149169922
5.19028997421265
5.18928861618042
5.1272497177124
5.09016942977905
5.02698802947998
3.89553308486938
3.90052032470703
3.9208619594574
3.83278107643127
3.72518706321716
3.52654910087585
3.53708624839783
3.58869194984436
3.49892687797546
3.66311168670654
3.85322093963623
4.02210426330566
4.35037565231323
4.62315559387207
4.97814655303955
5.06913423538208
5.90261745452881
7.09088945388794
7.52936935424805
5.59840154647827
6.02598714828491
5.88426923751831
5.08760070800781
4.2299337387085
3.98174977302551
4.37530517578125
4.21353197097778
4.99042129516602
5.01445198059082
4.96173286437988
6.07443237304688
7.2278528213501
6.4453763961792
5.23238658905029
4.92028427124023
4.59418201446533
4.73058843612671
4.68971586227417
4.3871169090271
4.87973737716675
5.68256425857544
6.0210599899292
5.65338754653931
5.385009765625
5.67106771469116
5.96728038787842
5.77228403091431
5.46584558486938
5.66881036758423
5.73103761672974
5.85360908508301
6.01541185379028
5.94382953643799
5.90191698074341
6.07424640655518
6.00590133666992
5.88004922866821
6.1870756149292
6.39476156234741
6.40186405181885
6.65350341796875
6.80068683624268
6.31319284439087
6.12150621414185
5.53393125534058
7.05849361419678
6.57771348953247
5.79276561737061
6.21175336837769
6.03478860855103
5.71478891372681
6.38473558425903
6.1255054473877
6.43884754180908
5.74432516098022
5.46228456497192
5.40713119506836
5.43803930282593
5.28621387481689
5.28335094451904
3.92812752723694
3.7881133556366
3.7853889465332
3.7446825504303
3.68242716789246
3.66467428207397
3.63683271408081
3.55803966522217
3.52818465232849
3.66190099716187
4.04585123062134
4.64194631576538
5.41992855072021
6.11129426956177
5.6127610206604
6.18479299545288
7.3859806060791
7.36831426620483
5.59148597717285
4.53235626220703
4.06302833557129
4.00777864456177
4.72573566436768
3.98964834213257
3.71530985832214
4.20730209350586
4.56148290634155
4.56206226348877
4.38646936416626
5.35425233840942
6.87505865097046
6.50128269195557
6.25812292098999
6.27102136611938
6.78190135955811
5.39205551147461
4.12839269638062
4.16769313812256
4.51643705368042
4.94208574295044
5.2750415802002
5.30700874328613
5.8148455619812
5.55256700515747
5.60962867736816
5.77151966094971
5.49712991714478
5.31355714797974
5.51890134811401
5.47161722183228
5.41268825531006
5.50396347045898
5.74006938934326
6.19506740570068
6.48112487792969
6.35279035568237
5.97437334060669
6.09586906433105
6.05546474456787
6.44663190841675
6.20523643493652
5.91758728027344
7.30529356002808
7.10022020339966
5.80476808547974
7.26867818832397
7.18923807144165
5.88047933578491
5.92366504669189
6.93586874008179
6.61327219009399
6.19570827484131
5.94957256317139
7.02294731140137
6.08598375320435
5.69261503219604
5.57417821884155
5.49010753631592
5.47159957885742
5.49970817565918
3.75246429443359
3.82145619392395
3.83888125419617
3.70674991607666
3.79948043823242
3.91742253303528
4.11207628250122
3.82566142082214
3.73212742805481
3.97679257392883
4.22342443466187
4.82480192184448
6.81370687484741
8.02740859985352
5.12614345550537
4.98423957824707
5.34496831893921
4.66041135787964
4.0309476852417
3.87080454826355
5.15202045440674
4.36508321762085
3.54285740852356
3.39353227615356
3.40856146812439
4.06582164764404
4.21560668945312
4.64873743057251
4.5502724647522
5.62582683563232
6.38362455368042
6.2572979927063
5.60144138336182
5.36072015762329
4.95260572433472
4.3941969871521
4.51989030838013
4.94702816009521
4.95825099945068
4.80328416824341
4.95790767669678
4.8954815864563
5.40010786056519
5.55767107009888
5.65617370605469
5.79847049713135
5.22808265686035
5.58745384216309
5.48318195343018
5.42812204360962
5.404296875
5.56042814254761
6.18022680282593
6.85371971130371
6.84448289871216
6.24403762817383
5.73524856567383
5.98200654983521
5.86892414093018
6.15589952468872
6.66758632659912
7.39047813415527
6.8624792098999
6.87773466110229
6.19326210021973
6.22807693481445
6.56601095199585
6.26904106140137
5.488037109375
5.57208061218262
7.15903425216675
6.08073043823242
5.33646678924561
7.92756462097168
6.62367725372314
5.92603302001953
5.83813905715942
5.77457141876221
5.59683513641357
5.55850839614868
3.64631724357605
3.69581866264343
3.80518436431885
3.80224084854126
3.90927982330322
4.05929231643677
3.92067837715149
3.92926931381226
3.90646624565125
3.86725902557373
4.14659357070923
4.53745317459106
4.39502668380737
4.83566474914551
6.98495626449585
6.75597429275513
5.15528202056885
3.62270641326904
3.82669281959534
4.21137380599976
4.73163223266602
4.68160343170166
3.62621760368347
3.31560516357422
3.78426384925842
3.61009621620178
3.90559363365173
4.08743190765381
4.47039651870728
4.93239784240723
5.64914989471436
5.40240097045898
5.59541177749634
5.3625111579895
4.81799602508545
4.72598218917847
5.11642599105835
5.26263999938965
5.02076101303101
4.72486591339111
5.43247413635254
5.79477691650391
5.42322063446045
5.55677223205566
5.44640970230103
5.23711061477661
4.84855985641479
5.2344822883606
5.13956308364868
4.95599794387817
5.16462278366089
5.69792795181274
6.46447992324829
6.54297971725464
6.51878452301025
6.585373878479
6.19984436035156
6.049729347229
6.06069278717041
6.61236572265625
6.68738746643066
6.1760425567627
6.24739170074463
7.34331703186035
7.88474750518799
7.33690118789673
7.00577163696289
6.62342882156372
5.40439987182617
6.38344812393188
7.94112157821655
6.63663959503174
5.77808427810669
7.30909872055054
7.31226587295532
6.57321357727051
6.27451944351196
6.15934658050537
6.07582378387451
5.93584632873535
3.75748157501221
3.732417345047
3.75464868545532
3.87831950187683
3.80324602127075
3.57466316223145
3.47116470336914
3.52055740356445
3.60044288635254
3.46696186065674
3.82883214950562
4.15940999984741
3.65852189064026
4.19556522369385
4.79771041870117
5.1464900970459
5.5711841583252
5.36430644989014
3.4718906879425
3.95049452781677
4.63679170608521
4.82585954666138
3.24394869804382
2.8686511516571
3.14365911483765
3.62943840026855
3.67143774032593
4.02160930633545
4.0548529624939
4.40624237060547
5.07849550247192
5.43989562988281
5.12315940856934
4.99382495880127
5.00150394439697
5.03770160675049
4.90231609344482
4.69187021255493
4.71365833282471
5.297935962677
5.49832391738892
5.289719581604
5.23318147659302
5.09781837463379
5.00698900222778
4.66922616958618
4.92236423492432
4.84566164016724
4.92901134490967
5.07298469543457
4.6875467300415
5.81920051574707
6.55206441879272
6.49407243728638
6.20995998382568
6.15607500076294
6.66466951370239
6.13951444625854
6.15116024017334
5.88384342193604
6.20362329483032
7.24296474456787
7.53006553649902
7.3466739654541
6.83160018920898
7.06960153579712
6.85400295257568
5.9026198387146
5.56041145324707
7.17439603805542
7.9751124382019
6.21978378295898
7.02685356140137
7.56163454055786
7.02555894851685
6.79927015304565
6.58923053741455
6.40880632400513
6.29694223403931
6.25990200042725
3.72595524787903
3.80397462844849
3.58749532699585
3.33335256576538
3.43643260002136
3.37373685836792
3.41873264312744
3.30401802062988
3.3480384349823
3.85730361938477
4.78035974502563
4.49413824081421
3.63496065139771
3.70107078552246
4.21434545516968
3.81918501853943
3.22511386871338
3.86134219169617
4.63271236419678
5.35829782485962
3.67597317695618
4.86868238449097
4.33320474624634
3.56030964851379
3.11442732810974
3.19807910919189
3.81951069831848
3.66826057434082
4.08823156356812
4.34413528442383
5.34306049346924
5.55122137069702
5.40037536621094
5.0799355506897
4.66226434707642
4.2402081489563
4.49871253967285
4.7469744682312
4.81229305267334
4.71118354797363
4.64171266555786
4.83104658126831
4.79371786117554
4.72294569015503
4.4391884803772
4.44403505325317
4.58203172683716
4.836501121521
4.7495288848877
4.78888750076294
5.40476894378662
6.76847648620605
6.90901327133179
6.48412752151489
6.14277839660645
6.09763479232788
6.57967853546143
6.64597988128662
6.17116451263428
6.11426448822021
6.95314598083496
6.90342569351196
6.63028144836426
6.73956489562988
6.56581449508667
6.46552085876465
6.23358345031738
5.76017904281616
7.88344621658325
8.72387504577637
7.02595043182373
6.27167510986328
7.15041208267212
7.10708045959473
7.16042709350586
7.10908126831055
6.87152433395386
6.55688619613647
6.61283540725708
6.51395606994629
3.5450222492218
3.62643361091614
3.4095299243927
3.23631262779236
3.4308078289032
3.3374035358429
3.34264302253723
3.45392441749573
3.61065340042114
3.70079874992371
4.30033493041992
5.22118663787842
4.89711761474609
4.78649997711182
3.4403829574585
3.09155941009521
3.33360981941223
3.15574097633362
3.18900585174561
3.39622950553894
3.91969752311707
3.56812906265259
3.82558059692383
4.34194993972778
3.07000207901001
3.07718849182129
3.21158933639526
3.59113240242004
3.82585191726685
4.24423837661743
4.77609157562256
4.9945387840271
4.37575483322144
3.89139413833618
3.70922613143921
3.759920835495
3.97935318946838
4.2698392868042
4.15402317047119
3.99634528160095
3.87905669212341
4.0605297088623
4.16228485107422
4.38668155670166
4.30151844024658
4.46993255615234
4.49716854095459
4.60575246810913
4.58234071731567
5.2735013961792
6.68537950515747
6.61202192306519
6.53940534591675
6.4762601852417
5.96133947372437
5.99821472167969
6.48856067657471
6.77624368667603
6.78884792327881
6.57179260253906
6.24336242675781
6.20927476882935
6.22693109512329
6.25631237030029
6.60479402542114
6.22670078277588
5.38151407241821
6.99248647689819
10.3567628860474
8.19009780883789
7.19118642807007
6.63513517379761
7.52711200714111
7.50794506072998
7.10645866394043
6.95248365402222
6.9240083694458
6.92871570587158
6.97103500366211
7.09630346298218
3.65763664245605
3.70852160453796
3.47794103622437
3.20956349372864
3.38672637939453
3.44818830490112
3.46089482307434
3.75764560699463
4.40202283859253
5.20936679840088
5.91229963302612
4.10785007476807
4.07637071609497
4.04496955871582
3.54967999458313
3.26392459869385
3.2271556854248
3.08822655677795
3.01944780349731
2.98753690719604
2.76210951805115
2.71228408813477
2.53565073013306
2.98065567016602
3.21591234207153
3.09353828430176
3.4598560333252
3.31967353820801
3.58588910102844
3.6303083896637
3.65805292129517
3.6847927570343
3.434415102005
3.2982075214386
3.49566626548767
3.55982565879822
3.54172468185425
3.52430129051208
3.54039239883423
3.68216872215271
3.66949701309204
3.74798583984375
3.91842865943909
4.08506011962891
3.95828413963318
4.13051891326904
4.29879522323608
4.55188131332397
5.07744264602661
4.9809627532959
6.0028281211853
6.61459302902222
6.2613730430603
6.04451847076416
6.10901212692261
6.2487416267395
6.65388298034668
6.36545133590698
6.48286819458008
5.77052736282349
6.44064474105835
6.91165733337402
7.39499521255493
7.0500020980835
6.31555414199829
5.70844078063965
7.16232776641846
9.92037773132324
9.33602428436279
7.86082601547241
7.21583986282349
7.1425461769104
6.78557443618774
6.65094661712646
6.74559116363525
7.11155271530151
7.12883043289185
7.2115535736084
7.26347970962524
7.68237972259521
4.04383659362793
3.94228410720825
4.01487016677856
3.88106560707092
3.9006814956665
4.03730058670044
4.26778554916382
4.59465885162354
6.05593681335449
4.58557415008545
4.87503480911255
5.68485975265503
5.13899993896484
4.92315483093262
5.10176372528076
4.53478384017944
3.95100545883179
3.8031542301178
3.70979857444763
3.39999866485596
3.23125267028809
2.58395266532898
2.41239953041077
2.35320639610291
2.31354212760925
3.22921943664551
2.91479659080505
2.95806884765625
3.37455606460571
3.19028663635254
2.86597156524658
3.00367879867554
2.79023909568787
3.22162222862244
3.35079622268677
3.35939621925354
3.35717463493347
3.46474933624268
3.33707070350647
3.12192296981812
3.45923781394958
3.51752305030823
3.90848255157471
4.29425239562988
4.60746622085571
4.66833114624023
4.68727731704712
4.72941064834595
5.11851596832275
6.34321308135986
6.50320100784302
6.16553258895874
6.0976357460022
6.32309103012085
6.6470627784729
6.9562406539917
7.14137649536133
7.01611995697021
5.94053220748901
6.7811918258667
6.32555675506592
7.9029221534729
7.89276218414307
7.3152379989624
5.95726537704468
8.11056423187256
10.119647026062
9.41888427734375
8.47894763946533
7.70806932449341
7.72890472412109
7.49654769897461
6.30275011062622
6.89737176895142
6.4913330078125
6.95609378814697
7.45078468322754
7.97294998168945
8.35892486572266
8.29675102233887
4.40254735946655
5.20899534225464
5.50925970077515
6.18124914169312
6.08930015563965
5.35732173919678
6.08381271362305
5.8001856803894
4.24957847595215
4.43694496154785
4.08399724960327
4.39634990692139
6.81050634384155
7.85645914077759
5.16463470458984
6.30961799621582
6.89563703536987
5.64272499084473
3.44873285293579
3.54410171508789
3.3034770488739
2.85533308982849
3.0826416015625
3.56890392303467
2.8335816860199
2.28307127952576
2.36057281494141
3.01823735237122
2.99981713294983
2.79644465446472
2.67997813224792
2.92273139953613
3.27217936515808
3.51972723007202
3.63884210586548
3.56010460853577
3.69767642021179
3.5605673789978
3.64173531532288
3.72304201126099
3.93308138847351
3.7646119594574
3.99627733230591
4.27884769439697
4.54373455047607
4.82999229431152
5.18168306350708
5.42588233947754
6.19422101974487
6.1857738494873
6.67249631881714
6.4537672996521
6.85357904434204
7.29119348526001
7.37530469894409
7.1964545249939
7.420485496521
7.06802415847778
6.97625923156738
6.94186973571777
6.90397548675537
8.33450794219971
8.26273441314697
7.32106924057007
9.20320415496826
10.2996873855591
9.46667861938477
8.88820171356201
8.31722259521484
8.16005039215088
7.49225664138794
6.75278186798096
6.82083129882812
7.95947933197021
8.49665355682373
8.89352226257324
8.51694965362549
8.72739219665527
8.79264736175537
8.82198143005371
6.01624298095703
6.41040182113647
6.59143590927124
6.07470417022705
6.21016263961792
6.11265802383423
5.12151718139648
6.68620491027832
6.0180516242981
5.82662010192871
6.26552820205688
6.19816923141479
6.06429624557495
5.68833351135254
5.02697134017944
4.49787569046021
4.87149620056152
4.39869976043701
2.9293749332428
2.90083169937134
2.74500608444214
2.44859623908997
2.35404014587402
2.55895233154297
2.94323801994324
2.89699554443359
2.54322028160095
2.86358761787415
2.94556665420532
3.05633735656738
3.14367914199829
3.06908750534058
3.13799691200256
3.67975902557373
3.91975593566895
3.99940371513367
3.77693247795105
3.97329044342041
4.23709058761597
4.29537343978882
4.40222120285034
4.45135402679443
4.55174922943115
4.87486267089844
5.00969457626343
5.30453109741211
5.83998107910156
5.76406097412109
6.55098724365234
6.99693393707275
6.99941682815552
7.70020294189453
8.23913288116455
8.09603309631348
7.92850399017334
7.55958414077759
7.83533763885498
7.62305593490601
7.2956748008728
7.70742797851562
9.06947708129883
9.24716949462891
9.33415222167969
9.66893863677979
9.89258003234863
9.24454975128174
8.85118675231934
8.62123870849609
8.41964340209961
8.06644535064697
8.66115760803223
10.2281608581543
10.5097694396973
11.4384088516235
10.2272844314575
9.97471046447754
9.72460651397705
9.86994171142578
9.83503818511963
10.019341468811
7.27478122711182
7.18822908401489
8.22267818450928
6.67504739761353
4.385666847229
4.88396215438843
5.04285383224487
4.73991107940674
5.99105787277222
5.1779260635376
4.62095737457275
3.67924046516418
3.29801106452942
3.22386622428894
3.11295795440674
3.22168755531311
3.3052978515625
3.29777908325195
3.03699493408203
2.76165795326233
2.44146347045898
2.15699505805969
2.28405475616455
2.49321913719177
2.55600070953369
2.70803260803223
3.43417692184448
3.18426442146301
3.5397961139679
3.3489146232605
3.54003143310547
3.70254588127136
3.86277365684509
4.22313737869263
4.44052267074585
4.03101015090942
3.88414573669434
4.49241924285889
4.93655157089233
5.32616996765137
5.29431629180908
5.47660303115845
5.44329595565796
5.70406579971313
5.92838096618652
5.90438938140869
7.09250259399414
8.79487323760986
7.9394965171814
8.08599472045898
8.81166553497314
9.45042705535889
9.2478609085083
8.80379486083984
7.73180484771729
8.10943412780762
8.36002063751221
7.41050148010254
6.10190773010254
7.97730875015259
8.99602890014648
8.47507667541504
8.84721374511719
8.74753284454346
8.93879222869873
8.95612144470215
8.62595176696777
8.6347827911377
8.07773876190186
8.1749267578125
8.4730806350708
8.30830192565918
8.53825187683105
9.04671669006348
9.41216659545898
9.94490909576416
10.1012268066406
10.2294120788574
10.3352403640747
10.2710771560669
4.2646746635437
5.25470352172852
6.89171552658081
8.21200466156006
4.75079154968262
5.3333306312561
5.52261018753052
4.97047328948975
4.06465148925781
3.3019015789032
3.05008363723755
2.82974648475647
2.7931969165802
2.99858951568604
2.92112517356873
2.85207581520081
2.93044638633728
2.97144556045532
2.81345772743225
2.55235505104065
2.3901801109314
2.33036851882935
2.25177049636841
2.94468641281128
2.89021253585815
3.29181528091431
3.21437311172485
3.62921333312988
3.42253947257996
3.53271174430847
3.62631225585938
3.63750028610229
4.09514617919922
3.94786882400513
4.16793584823608
4.56104707717896
4.92349529266357
5.40790462493896
5.84158515930176
6.25314712524414
7.20285224914551
7.42073011398315
7.22825813293457
6.93088531494141
6.75006532669067
7.33715915679932
11.0448799133301
9.77983093261719
9.49745655059814
8.52299690246582
10.3577966690063
10.9931268692017
8.85170269012451
9.05852794647217
11.0179290771484
9.71115875244141
8.3846378326416
7.77575445175171
7.98820066452026
9.07528591156006
8.44146728515625
8.24582862854004
8.18956279754639
8.41334438323975
8.58074378967285
8.71537303924561
8.49483489990234
8.25440979003906
7.94517421722412
8.16840267181396
7.49187231063843
8.66684913635254
8.19089317321777
8.83845996856689
9.26430416107178
9.82930850982666
10.2954835891724
10.5708560943604
10.8007106781006
10.9647951126099
6.16416501998901
5.32759618759155
4.62535333633423
4.0763897895813
4.58086729049683
5.41377973556519
3.82561254501343
3.47199082374573
3.42506766319275
3.28114032745361
3.0039074420929
3.32692003250122
2.82732152938843
2.76085710525513
2.6413369178772
2.37506055831909
2.45925903320312
2.55581593513489
2.50547361373901
2.58912229537964
2.70992016792297
2.80541014671326
2.95449209213257
3.34815812110901
3.89260745048523
3.44550824165344
3.73786163330078
4.0340576171875
4.47277641296387
4.17481470108032
4.05982255935669
4.16479301452637
4.15070343017578
4.29558610916138
4.56874084472656
5.18421745300293
5.15086698532104
5.70377492904663
6.41211891174316
6.58853435516357
6.86193370819092
6.71483278274536
6.85608625411987
6.72813320159912
7.50649309158325
10.6810216903687
10.1852884292603
9.61690807342529
9.39211273193359
10.7322902679443
10.2433891296387
9.58714962005615
10.1386375427246
11.3919477462769
11.6866731643677
12.1340665817261
10.9980764389038
10.5557889938354
10.3314847946167
8.96912574768066
8.30179405212402
8.16626930236816
8.34926509857178
8.56350517272949
8.75321102142334
8.6620454788208
8.47751617431641
8.43544864654541
8.13916778564453
9.13165664672852
8.74907398223877
9.49520969390869
10.8128967285156
9.79293346405029
9.91332912445068
10.6148118972778
10.8136262893677
11.1446161270142
11.1564521789551
10.8681039810181
9.8937816619873
6.40300416946411
4.04556369781494
3.73898434638977
4.71962738037109
5.28664302825928
4.49852466583252
3.70546007156372
3.23510766029358
3.23008060455322
2.85307717323303
2.4533703327179
2.52091598510742
2.50586247444153
2.3841700553894
2.55610656738281
2.81370162963867
3.63536882400513
3.91987562179565
3.02147436141968
2.70704197883606
2.56850790977478
2.75586247444153
2.71773219108582
3.25286364555359
3.66133666038513
4.84375286102295
6.53756809234619
6.26918458938599
5.55420064926147
5.33774375915527
4.86996555328369
4.43265390396118
4.48474359512329
4.63235998153687
5.24947547912598
6.36913108825684
6.65529918670654
6.87716579437256
6.78372621536255
7.69408178329468
7.20819091796875
7.96529912948608
8.45044422149658
11.8845100402832
9.63150215148926
9.00294017791748
9.32331466674805
10.2161636352539
9.98856830596924
10.1817922592163
9.61185741424561
10.0702247619629
10.1810426712036
9.74264430999756
9.94185924530029
11.7293472290039
9.83535289764404
10.3710632324219
9.12710952758789
8.58258056640625
8.35724067687988
8.40494251251221
8.93458366394043
9.08012771606445
9.25337314605713
9.19018745422363
8.99168491363525
8.89552402496338
8.84712409973145
7.39892339706421
11.9574661254883
11.1679267883301
11.021050453186
10.8586196899414
10.7282028198242
10.9962453842163
10.921968460083
10.9956016540527
10.8768100738525
7.96290016174316
6.56485891342163
4.0455174446106
3.94988250732422
4.35968828201294
4.81032180786133
5.52946090698242
5.02744960784912
3.93036985397339
2.94761347770691
2.71262860298157
2.71404623985291
2.44117736816406
2.64891862869263
3.20810508728027
4.0056586265564
3.81781554222107
3.6522798538208
3.60652923583984
3.38690328598022
3.55533266067505
3.59772086143494
2.83462643623352
3.03732943534851
3.14907050132751
3.65022373199463
4.31911087036133
4.90899753570557
5.80214309692383
6.5578465461731
5.9759407043457
5.45158195495605
5.09740686416626
4.86832904815674
5.24590492248535
5.59060668945312
5.94465112686157
6.27543640136719
6.88358116149902
6.9758152961731
7.90067768096924
7.55134010314941
8.4374475479126
7.21257877349854
10.6962203979492
9.78336429595947
9.22220230102539
8.89764213562012
8.75151348114014
9.28326988220215
8.45929145812988
8.32483291625977
8.65588283538818
9.45207786560059
9.42542266845703
10.6620168685913
12.0926704406738
12.6075830459595
8.69951057434082
10.0663967132568
9.10507106781006
8.67020797729492
8.94011306762695
9.52114677429199
10.0201969146729
10.2899951934814
10.8357400894165
10.9172306060791
10.5539751052856
8.44774055480957
10.3405866622925
11.4662275314331
10.8775911331177
11.1399040222168
10.9079236984253
11.1227893829346
11.0769100189209
11.3408536911011
11.6282758712769
11.3941841125488
6.30302476882935
5.49457836151123
4.95416402816772
5.00517082214355
4.61101102828979
3.82575559616089
4.63130044937134
3.45416855812073
4.01144695281982
5.29848146438599
4.80678701400757
5.08220100402832
4.51893186569214
4.35918760299683
3.14063405990601
3.31529402732849
3.42070198059082
4.06364488601685
4.17474746704102
4.1071400642395
4.16930150985718
3.83819985389709
3.51889038085938
3.33962297439575
3.41453862190247
3.51308441162109
3.41052412986755
4.30258512496948
5.32027387619019
5.91545534133911
5.3767466545105
5.67336177825928
5.67761182785034
4.64086818695068
5.44437980651855
5.71980237960815
6.32307052612305
7.27557039260864
7.55963373184204
8.13980197906494
8.07124900817871
8.45116138458252
8.10738468170166
8.20235443115234
9.74886035919189
9.19800853729248
9.67306423187256
8.67858505249023
8.69036865234375
9.24855995178223
10.4124774932861
11.0405759811401
10.5650949478149
9.69817733764648
10.1064863204956
10.1742115020752
11.4317941665649
10.3552742004395
10.5435743331909
11.6513662338257
10.5341720581055
10.585542678833
10.1244554519653
10.0111122131348
10.6557569503784
10.9439039230347
10.953516960144
8.91706848144531
7.67438364028931
11.4531841278076
11.7794561386108
11.4763679504395
11.635272026062
11.5809450149536
11.3215675354004
11.5355825424194
11.5269994735718
11.7739152908325
11.7435865402222
11.5053997039795
5.40513849258423
7.42689228057861
7.53893566131592
5.87076377868652
4.95104122161865
5.08883047103882
3.95052695274353
4.21704769134521
4.09311056137085
3.31487989425659
3.68284392356873
4.23648691177368
3.57967233657837
3.0473952293396
3.35503435134888
3.8501672744751
4.19363498687744
4.27192974090576
4.32405090332031
4.61478424072266
4.61665010452271
4.45869493484497
4.00978231430054
3.75242638587952
3.6882438659668
3.96458292007446
4.31075382232666
4.29268312454224
4.88436555862427
5.34930038452148
6.23576307296753
5.38117027282715
5.24152708053589
6.04933547973633
5.72416067123413
5.94841718673706
6.61924934387207
8.07861709594727
7.55470180511475
8.31142711639404
9.01163768768311
8.41043758392334
8.37646579742432
9.2905330657959
9.12837696075439
10.1336469650269
10.019588470459
9.64498615264893
10.0089473724365
10.066104888916
10.6601705551147
10.3608808517456
9.59391498565674
9.72494602203369
9.783522605896
9.72514152526855
9.899094581604
9.43093967437744
12.6735076904297
13.6147289276123
12.5638523101807
11.6338796615601
10.5961971282959
8.60427379608154
8.73571014404297
8.92230606079102
13.0518655776978
14.828104019165
11.9740123748779
13.436182975769
12.7395143508911
11.9541625976562
11.9843235015869
11.9786195755005
11.5974130630493
11.7612266540527
11.6099100112915
11.3189506530762
11.4162225723267
11.7952175140381
6.63473081588745
9.30020332336426
9.86574649810791
8.25540733337402
8.92996025085449
6.09064483642578
4.06244516372681
3.32794713973999
4.15559911727905
4.11723470687866
4.64529752731323
4.12780857086182
3.74678921699524
3.83497858047485
4.01101541519165
4.16156435012817
4.43981218338013
4.3623743057251
4.59063148498535
4.539719581604
5.24421501159668
5.04673767089844
4.47235202789307
4.49448108673096
4.75752925872803
4.66416215896606
4.6660590171814
4.98695182800293
5.17732858657837
5.52226829528809
5.98431444168091
5.69850492477417
4.65117502212524
4.9172420501709
5.44843673706055
6.3215012550354
7.0022029876709
7.92007207870483
8.51138401031494
8.19511985778809
8.0549373626709
8.32545280456543
9.93701457977295
9.88080501556396
10.7528886795044
10.9391670227051
10.3220348358154
9.84959030151367
9.95950031280518
9.65743255615234
10.4516868591309
10.7494287490845
10.1570959091187
10.0831737518311
9.96023845672607
10.7470474243164
11.7998924255371
14.281418800354
14.7977390289307
13.4552364349365
12.8818483352661
10.6377143859863
11.8713550567627
11.2190790176392
12.1361923217773
11.0218286514282
14.180061340332
15.4977731704712
16.7656440734863
14.6135959625244
12.9410858154297
12.4753999710083
11.8807640075684
11.6136884689331
11.4977874755859
11.4322700500488
11.558012008667
11.6490983963013
11.5737819671631
11.6669082641602
6.26368999481201
7.65884494781494
9.15545845031738
9.3494815826416
7.81270313262939
7.91594409942627
4.84968757629395
3.48580431938171
3.72748351097107
4.28209924697876
4.69465112686157
4.45377206802368
4.0059118270874
4.21102476119995
4.373375415802
4.4008994102478
4.49336671829224
4.67707538604736
4.69156932830811
5.24105310440063
5.12415504455566
5.37199258804321
5.67553234100342
5.10520076751709
5.32617139816284
5.50346183776855
5.55731678009033
5.3062686920166
5.01363945007324
5.89563512802124
5.67073011398315
5.88337659835815
5.37041664123535
4.66423845291138
5.46253728866577
6.55198001861572
7.31406545639038
8.28109455108643
8.11945915222168
8.27790641784668
9.21800327301025
8.99087715148926
11.1252584457397
11.3483486175537
10.8479328155518
10.5019311904907
10.6441278457642
10.4357967376709
11.9817190170288
10.0058994293213
9.70888900756836
10.2874488830566
10.4061727523804
9.94242668151855
10.3038187026978
10.5623416900635
10.1109533309937
12.3748331069946
12.5016775131226
12.2590646743774
11.4641122817993
11.2143211364746
11.6430425643921
16.9271450042725
16.3893947601318
15.6534128189087
15.3678483963013
14.9605140686035
14.1339311599731
13.475133895874
12.6848440170288
12.040246963501
11.4040069580078
11.4982995986938
11.4217042922974
11.314377784729
11.3708963394165
11.4951801300049
11.3254327774048
11.4136371612549
8.64102840423584
6.7909984588623
6.08655166625977
6.86585569381714
8.33076190948486
11.2341976165771
7.53203916549683
4.9960150718689
5.06576061248779
4.87978506088257
4.67423295974731
4.81919717788696
4.92028045654297
4.95283031463623
4.75852966308594
4.58867216110229
4.89324474334717
4.44569778442383
4.88434076309204
5.13946866989136
5.38018989562988
5.91870927810669
5.97033929824829
5.88556051254272
6.15116262435913
6.64273309707642
6.09806537628174
6.46314287185669
6.39876985549927
6.12081241607666
6.11202621459961
6.47874164581299
5.7986478805542
4.91288614273071
5.87143135070801
8.86594772338867
8.84142208099365
8.84439373016357
8.87281799316406
8.61999607086182
8.85935497283936
10.8766183853149
10.28431224823
9.63717555999756
9.76115226745605
10.0598382949829
9.97325038909912
9.59727001190186
10.1333389282227
10.2089138031006
9.60057926177979
10.4748315811157
10.7376337051392
10.7703590393066
10.6816263198853
10.899073600769
11.5516319274902
12.0638771057129
12.5757160186768
12.8910980224609
12.4826078414917
13.7790842056274
12.7701978683472
14.0971632003784
14.4335155487061
14.5358123779297
13.9726238250732
13.8271341323853
13.7533407211304
13.2597436904907
12.634708404541
11.9422254562378
11.7657718658447
11.3049535751343
11.469672203064
11.310848236084
11.1469640731812
11.087908744812
11.4448690414429
11.5700082778931
6.74937438964844
5.28714275360107
5.04296731948853
5.00835657119751
5.78953981399536
7.84836912155151
11.7529945373535
9.46013450622559
5.27015972137451
4.086594581604
5.6466498374939
5.1885666847229
5.69669055938721
5.76489877700806
5.33671188354492
5.1548638343811
5.47213697433472
5.31198215484619
5.74590396881104
5.37386560440063
5.78748559951782
6.46663522720337
6.79019165039062
7.16248083114624
6.84440755844116
6.35661792755127
6.65680360794067
6.49217939376831
6.76754093170166
6.66035079956055
6.8495454788208
6.55541801452637
6.30026197433472
5.24413633346558
7.89618825912476
8.3701868057251
8.96024990081787
8.77865505218506
8.96692752838135
8.42255020141602
7.79277420043945
9.17659473419189
11.1700563430786
10.6243629455566
10.8986959457397
9.66494560241699
9.8515043258667
10.8478651046753
10.8517589569092
10.5476140975952
10.0821352005005
10.0896854400635
10.3405246734619
10.6523275375366
11.2386608123779
11.5682525634766
11.5355272293091
12.1212558746338
12.5568876266479
12.3695373535156
14.3234691619873
13.4143419265747
14.1971969604492
13.5451259613037
13.099648475647
12.6127243041992
12.4677200317383
12.8048610687256
12.7500476837158
12.4827070236206
11.7945489883423
11.438175201416
11.3569364547729
11.1812705993652
11.1199026107788
10.7667407989502
10.6734037399292
10.6108694076538
11.064416885376
10.7023439407349
5.22874212265015
4.79343795776367
4.56418609619141
4.53177738189697
5.08737373352051
6.11105394363403
7.56734752655029
11.6951036453247
11.592022895813
7.78902101516724
4.69446039199829
5.14441108703613
5.68257474899292
5.63582134246826
6.11970710754395
6.36454772949219
6.56187915802002
6.28043937683105
6.2608323097229
5.75243425369263
6.75361633300781
5.77902030944824
5.80053329467773
5.85453605651855
5.97079133987427
5.34594821929932
6.29345560073853
6.22272539138794
6.71223831176758
6.47234773635864
7.13432359695435
6.32832431793213
5.2473406791687
7.70400905609131
7.37901973724365
7.8718843460083
7.98339796066284
8.39657211303711
8.23263072967529
8.37156867980957
7.95895528793335
10.8243675231934
10.2855005264282
10.8778839111328
11.8388290405273
11.9343957901001
12.0966310501099
10.82470703125
10.3110790252686
10.1231746673584
10.1804447174072
10.8176164627075
10.5061750411987
10.9381036758423
10.9466161727905
11.2968873977661
11.3813648223877
11.8421955108643
12.5085954666138
12.185245513916
12.3377647399902
13.139533996582
13.0205726623535
12.6187229156494
12.0433568954468
11.6989240646362
11.5426254272461
11.5792894363403
11.4460744857788
11.1960763931274
10.8662643432617
10.60546875
10.3005781173706
10.1498994827271
10.0722141265869
10.3447370529175
10.4838981628418
10.5610942840576
10.5814876556396
10.4330959320068
5.34782552719116
4.81668281555176
4.49680709838867
4.62809324264526
5.18842363357544
6.27615594863892
6.79907321929932
8.80938911437988
11.5155601501465
12.1620244979858
14.1737232208252
10.4087839126587
5.75383520126343
5.33293771743774
6.66459083557129
7.599365234375
6.70655488967896
7.50472974777222
7.84499025344849
6.12285852432251
6.56737661361694
6.4078803062439
5.87993001937866
5.54985237121582
6.359534740448
10.0004301071167
5.38536214828491
5.69499206542969
6.3388090133667
7.06823348999023
6.8930082321167
6.0320463180542
6.51319599151611
9.39409446716309
7.29487371444702
7.61145782470703
8.04995441436768
7.6422643661499
8.66438770294189
10.6053705215454
10.7556858062744
11.426061630249
10.894965171814
11.1608867645264
9.91739654541016
10.5985116958618
12.5553340911865
13.261456489563
11.2651386260986
10.5516691207886
9.65037155151367
10.031792640686
10.6267881393433
10.984676361084
11.0589618682861
10.9532327651978
11.4730815887451
11.7654142379761
12.223217010498
11.9683322906494
11.8361721038818
11.6026277542114
11.5216131210327
11.3358306884766
11.1578931808472
10.8086042404175
10.7244262695312
10.6071796417236
10.4305229187012
10.1207990646362
10.1522254943848
10.3325386047363
10.327693939209
10.0931444168091
10.0693206787109
10.0251369476318
10.0657033920288
10.2669630050659
10.2870779037476
10.1348037719727
4.86219453811646
4.68485021591187
4.86235189437866
5.27082586288452
5.94461727142334
6.79731369018555
7.64545917510986
8.44735240936279
9.56977462768555
12.8266105651855
15.6502208709717
15.6873159408569
12.2339115142822
8.04026794433594
7.76845359802246
4.33572006225586
5.16583681106567
5.10480737686157
5.08256387710571
5.12720012664795
5.59288930892944
4.9655613899231
5.76448535919189
9.33692836761475
20.8094139099121
27.1593132019043
18.0937213897705
7.87215375900269
6.59280920028687
6.58157825469971
6.93610143661499
6.34460544586182
6.00939321517944
5.7838397026062
8.05645084381104
9.00019931793213
7.56924533843994
8.26671600341797
9.2924919128418
10.8992795944214
10.9186534881592
11.4381523132324
10.9170007705688
11.0977144241333
11.792875289917
12.4792556762695
13.0136117935181
12.9913654327393
11.3274412155151
9.94005870819092
9.59449195861816
10.9630298614502
11.0517406463623
11.1703796386719
10.6843433380127
10.4975252151489
10.7474384307861
11.5146617889404
10.9071140289307
10.7861413955688
10.9173374176025
10.8111238479614
10.6958312988281
10.5183610916138
10.6376113891602
10.1076002120972
10.1336259841919
10.1894903182983
9.88497543334961
10.0760049819946
10.4153709411621
10.1630706787109
10.0778656005859
9.92305183410645
9.9759349822998
9.95468235015869
10.0195903778076
10.0143785476685
10.0631818771362
10.3806533813477
5.47772455215454
5.27146291732788
5.35134935379028
5.56149053573608
6.89245557785034
6.60150241851807
8.41638374328613
9.02437400817871
9.83089637756348
10.9650115966797
12.0503282546997
12.160849571228
12.3572196960449
14.1542978286743
15.8061141967773
15.4231233596802
9.93847274780273
8.92837238311768
8.06382751464844
6.99565505981445
8.79772758483887
9.84609317779541
9.49298763275146
17.7720737457275
33.7304039001465
28.4429550170898
21.1633396148682
24.9373168945312
21.2854633331299
8.97099113464355
8.70013236999512
6.91398096084595
6.91610527038574
6.70084524154663
6.03324699401855
6.18641710281372
7.79555559158325
8.05279064178467
8.94844245910645
10.6635284423828
10.117883682251
10.2511405944824
10.988242149353
11.3285388946533
11.5069227218628
11.8587865829468
12.5789823532104
12.151535987854
12.7019634246826
9.5327091217041
10.5099601745605
11.3600845336914
11.4740791320801
10.678297996521
10.2469177246094
9.7992992401123
10.581823348999
10.3554668426514
10.1656408309937
9.96249771118164
10.3383941650391
9.91714668273926
9.80421733856201
9.78532695770264
9.77928066253662
9.92105293273926
10.1495141983032
10.3275089263916
10.245982170105
10.0783958435059
10.355619430542
10.1751270294189
9.58987045288086
9.59692764282227
9.77081298828125
9.91909694671631
9.74068546295166
9.70493793487549
9.77312850952148
9.89172077178955
6.4636697769165
5.64136695861816
6.13673734664917
7.3705005645752
7.22309112548828
8.41245269775391
9.13866519927979
10.6731691360474
10.4889898300171
11.2687339782715
11.6439971923828
12.4045858383179
13.1057538986206
13.6867008209229
13.2860679626465
14.0243911743164
14.1536073684692
13.8461418151855
23.1720104217529
31.5700454711914
38.5097274780273
33.3688316345215
29.0260429382324
27.0836772918701
19.2075748443604
18.6810188293457
21.5804958343506
22.2481212615967
16.9766426086426
9.57419776916504
10.1083707809448
11.1491250991821
9.15584468841553
8.60749053955078
6.58348512649536
7.39986944198608
7.94295644760132
8.5787525177002
8.94389152526855
10.0921812057495
8.86373138427734
10.540168762207
11.0475044250488
9.90163516998291
10.3231182098389
11.5324897766113
12.0673522949219
11.0965948104858
10.2667694091797
10.1868085861206
10.7290010452271
11.6015577316284
10.6848220825195
9.74584674835205
9.3021125793457
9.66167163848877
10.0781717300415
9.59924030303955
9.58636856079102
9.89930248260498
9.79696273803711
9.53026390075684
9.36723899841309
9.5118465423584
9.74283123016357
9.77303981781006
10.0162296295166
9.86181926727295
10.0702590942383
9.86770820617676
9.74628448486328
9.45802402496338
9.31605052947998
9.42683029174805
9.45537853240967
9.57352638244629
9.59569644927979
9.19343185424805
9.50280857086182
9.46523571014404
6.53672933578491
7.65419101715088
8.07925224304199
8.72923564910889
7.64193153381348
9.52064228057861
10.9830369949341
9.61484336853027
11.6257448196411
11.8905868530273
12.1327505111694
12.8803157806396
12.7471780776978
13.4098672866821
12.5634870529175
12.8675193786621
14.0947542190552
16.1487274169922
16.3832511901855
22.1178035736084
23.152458190918
14.1115102767944
13.5314588546753
13.4881477355957
13.2208576202393
18.0942325592041
15.2569065093994
21.1659336090088
13.3294048309326
10.1817531585693
9.06957054138184
9.3133020401001
9.01521110534668
8.79522514343262
7.17285251617432
9.05238819122314
9.03857421875
9.60583114624023
10.3664112091064
12.7086486816406
12.7752838134766
10.0709838867188
9.71943283081055
9.30410575866699
11.2128820419312
10.9148063659668
10.2277555465698
9.15948867797852
9.50994396209717
10.2530393600464
11.3541536331177
9.90133571624756
8.20167350769043
8.8146276473999
9.54590797424316
9.48385524749756
9.24262142181396
9.28994178771973
9.35692691802979
9.1923360824585
9.14603328704834
9.08006477355957
9.15894031524658
9.30024528503418
9.03353881835938
8.99213790893555
9.19412326812744
9.68184757232666
9.82482528686523
9.89924621582031
9.42991828918457
9.1960506439209
9.00844764709473
8.97362613677979
9.02182769775391
9.172607421875
9.1778736114502
9.14491653442383
9.35575008392334
9.35387420654297
NA
NA
10.8443632125854
7.39177370071411
9.68496036529541
10.5377616882324
11.4628591537476
9.97034549713135
11.4635887145996
11.2501697540283
10.8253030776978
12.1461791992188
11.7907791137695
11.4916458129883
11.6823902130127
10.1491384506226
10.3707752227783
11.7350730895996
12.44846534729
13.1715755462646
16.3123016357422
21.4039440155029
19.0982627868652
13.5767526626587
17.2865257263184
14.881781578064
17.3839321136475
16.8919525146484
11.5559434890747
10.1358575820923
9.80057525634766
8.38836002349854
7.68957757949829
7.95603895187378
8.350022315979
8.84742164611816
8.74499607086182
10.218409538269
11.0401945114136
12.5144805908203
9.82469367980957
11.4862604141235
10.4908838272095
11.7095918655396
9.48490142822266
11.5351238250732
10.1912679672241
11.1001472473145
11.2866325378418
11.22935962677
13.013201713562
7.12828397750854
8.43526172637939
9.44168758392334
9.31515502929688
9.01009273529053
9.09393215179443
9.40713787078857
9.08747863769531
9.05263423919678
9.06042861938477
9.11394500732422
9.10221385955811
8.94088935852051
8.61304950714111
8.85422897338867
9.43122673034668
9.69758319854736
9.6747989654541
9.49700546264648
9.26131534576416
8.98153591156006
8.79850006103516
8.84653663635254
8.74954986572266
8.72854709625244
8.88534355163574
8.90910530090332
8.97476577758789
9.08209228515625
NA
NA
9.71573448181152
11.0961952209473
10.5519332885742
8.97401714324951
9.76959419250488
10.2101860046387
10.2963199615479
11.3544445037842
11.1074476242065
11.45583152771
9.52011394500732
10.178503036499
8.90385055541992
9.20532512664795
10.4083051681519
10.3684692382812
10.3462104797363
10.6371488571167
14.3257942199707
11.3136739730835
10.9098682403564
10.8939790725708
16.1968021392822
9.65330791473389
12.2740507125854
11.1780862808228
12.1752033233643
8.91766548156738
9.77101135253906
8.81064414978027
7.76596450805664
8.09823703765869
7.46640396118164
8.0886116027832
9.59361743927002
10.3708524703979
10.3903579711914
10.8188419342041
11.5571222305298
10.2370882034302
11.6216068267822
13.8645734786987
12.5816221237183
9.17443561553955
12.9119539260864
9.51693248748779
9.38551235198975
10.8681230545044
10.4084892272949
6.18494415283203
8.5342264175415
9.32440853118896
9.0980339050293
9.17762565612793
9.31847381591797
9.34253597259521
9.25592422485352
9.15789318084717
9.12573051452637
9.09072875976562
8.97384738922119
9.00592803955078
9.22043895721436
9.08220386505127
9.24656009674072
9.41236686706543
9.64019680023193
9.37602615356445
9.30424118041992
8.95991706848145
8.75405979156494
8.74294281005859
8.70790386199951
8.7559642791748
8.80084037780762
8.7807092666626
8.81467247009277
8.909423828125
NA
NA
NA
9.4189977645874
7.64818334579468
7.99266052246094
9.70855236053467
12.945686340332
11.9218606948853
9.04150581359863
11.3959999084473
7.73642206192017
11.2794761657715
9.64399719238281
10.2360401153564
8.87587928771973
8.94378662109375
9.55630397796631
10.0433759689331
10.6508598327637
11.5423498153687
11.4079608917236
11.9231939315796
9.40056037902832
10.8692378997803
7.86130809783936
8.83132839202881
10.5281143188477
11.9232311248779
9.72978496551514
9.01965141296387
10.7903099060059
12.7458448410034
8.75959491729736
9.59077453613281
10.2939519882202
9.6937141418457
9.01158332824707
9.16015815734863
9.01394653320312
9.4003849029541
7.79268980026245
9.68321800231934
8.67938327789307
13.0704746246338
11.0190391540527
11.3057384490967
10.419150352478
10.4095420837402
12.3944997787476
9.60853481292725
7.0224347114563
9.21791744232178
9.54444313049316
9.29158020019531
9.25308609008789
9.15393257141113
9.09463977813721
8.96384525299072
9.05484867095947
8.90021228790283
8.91947078704834
9.0286979675293
9.24125289916992
9.41821384429932
9.47640037536621
9.49854850769043
9.62739658355713
9.45156669616699
9.37786388397217
9.36026000976562
9.07810401916504
8.95120906829834
8.78364658355713
8.87247848510742
9.04889297485352
8.96921253204346
8.88791275024414
9.02650356292725
9.24667263031006
NA
NA
NA
9.34361934661865
6.20724058151245
8.34582424163818
9.82522678375244
8.45455932617188
8.21415710449219
9.59161853790283
9.91528987884521
9.78642749786377
9.91325759887695
10.1376628875732
9.917724609375
7.90833568572998
8.8967399597168
10.1448564529419
16.0538387298584
11.497899055481
17.1019916534424
18.7361793518066
13.2228450775146
8.223952293396
8.20051193237305
6.21717071533203
7.97789239883423
9.56470108032227
13.4999303817749
8.80767917633057
9.92739582061768
9.12980937957764
10.3289403915405
11.3593912124634
10.5784873962402
11.1807632446289
9.12799263000488
8.63490676879883
9.95248317718506
8.39929580688477
10.1553630828857
10.0495729446411
11.1586122512817
10.8131351470947
10.6369771957397
10.794828414917
10.6255626678467
10.4180297851562
10.1808557510376
10.8239755630493
11.6349840164185
10.4895830154419
10.0727252960205
9.3715295791626
9.4070520401001
9.53397560119629
9.18807697296143
8.75078773498535
8.84672832489014
8.8251256942749
9.04443740844727
9.12734699249268
9.22895908355713
9.31944847106934
9.54316902160645
9.50147819519043
9.45408725738525
9.2591381072998
9.3262939453125
9.3074426651001
9.16368865966797
9.12051391601562
9.07099342346191
8.80462741851807
8.91326999664307
8.91206169128418
8.94494247436523
8.88045120239258
8.84166145324707
9.08088684082031
NA
NA
NA
9.32072639465332
5.67003393173218
6.71946859359741
7.17166090011597
8.18250846862793
8.70553874969482
10.0203065872192
11.4315347671509
10.878511428833
8.1793909072876
10.7730770111084
7.15438985824585
8.91216468811035
10.3443784713745
14.6973190307617
14.7963600158691
15.0047006607056
15.9693880081177
18.215576171875
10.7766437530518
20.5006351470947
9.73154735565186
8.17087078094482
8.15988731384277
6.77475070953369
7.98625659942627
9.62337493896484
12.8031330108643
9.09309101104736
11.2402315139771
8.71418952941895
8.07892799377441
9.69985771179199
8.96798324584961
11.9636144638062
12.558985710144
11.4688234329224
8.17067813873291
11.833779335022
10.7966604232788
10.5161724090576
10.1458568572998
10.1488628387451
9.64210224151611
10.1418542861938
10.5020875930786
11.1431474685669
11.6510429382324
11.7018508911133
10.3750009536743
9.52128887176514
9.21572208404541
9.07605361938477
9.00057411193848
9.01346492767334
8.97173976898193
9.29625129699707
9.26772689819336
9.45978164672852
9.55588912963867
9.65742206573486
9.65090847015381
9.63395881652832
9.72119045257568
9.78859996795654
9.35691070556641
9.2491397857666
9.2549409866333
9.05748748779297
9.17722511291504
9.11744689941406
9.03139209747314
9.0292911529541
8.66898345947266
8.76173305511475
8.91861534118652
9.07531070709229
NA
NA
NA
NA
5.26720857620239
5.97751903533936
6.70376300811768
7.30771589279175
7.7947473526001
8.52681064605713
12.9641799926758
7.91062831878662
8.90150260925293
7.19799757003784
6.9326114654541
13.4012279510498
14.7802448272705
14.4810810089111
14.9613542556763
14.7819833755493
15.2206869125366
16.7229137420654
20.0023002624512
20.7589435577393
10.1753072738647
11.2085590362549
12.4730052947998
8.52146530151367
8.76448535919189
8.90060043334961
9.04604816436768
9.14680004119873
8.39797592163086
7.77205753326416
7.48982286453247
8.81275844573975
12.9186029434204
12.0515480041504
11.8875255584717
8.24021244049072
8.44658946990967
10.7474660873413
10.5324182510376
10.5701456069946
10.3208637237549
10.3372917175293
10.3655862808228
10.6538972854614
11.2965087890625
12.4162063598633
13.1190738677979
10.6637678146362
9.63005352020264
9.09857368469238
8.89089393615723
8.95193290710449
9.44481086730957
9.35478687286377
9.55854225158691
9.75398445129395
10.1123456954956
10.1580066680908
10.113489151001
10.0605278015137
10.0636444091797
10.1876182556152
9.99171257019043
9.83616256713867
9.70273017883301
9.39646911621094
9.06252574920654
9.03979778289795
9.09132766723633
8.85045433044434
8.78835773468018
8.64990997314453
8.53095149993896
8.74564647674561
8.86413097381592
8.74180603027344
NA
NA
NA
NA
5.20664310455322
5.59549999237061
5.83975124359131
6.96790027618408
6.91518068313599
7.51431751251221
9.17080593109131
10.8435802459717
7.59338331222534
7.78244543075562
10.8301019668579
14.3204431533813
14.9215145111084
14.5275135040283
14.3394365310669
14.3923492431641
14.8829784393311
15.9657421112061
18.333309173584
24.2159442901611
16.1296367645264
13.0627708435059
18.3393707275391
7.78681516647339
7.99982023239136
8.43334484100342
8.25151538848877
10.5203418731689
13.2708511352539
15.3327436447144
9.01608371734619
9.30769348144531
12.5724849700928
11.3245077133179
9.8486852645874
9.22600650787354
7.64580488204956
10.4922676086426
10.9529361724854
10.9069089889526
10.9527521133423
11.0356893539429
11.0727100372314
11.7714557647705
12.957540512085
15.4514560699463
12.5436983108521
8.51642322540283
9.43971729278564
9.21592426300049
9.21669292449951
9.45437145233154
10.0751857757568
10.0795888900757
10.176926612854
10.4886903762817
10.6913690567017
10.7181119918823
10.7135381698608
10.7038373947144
10.6973428726196
10.6375322341919
10.2656335830688
9.9929895401001
9.69442558288574
9.52948570251465
9.38432025909424
9.36159706115723
9.1505651473999
9.05134201049805
8.83127212524414
8.44262313842773
8.57960987091064
8.64004611968994
8.48990726470947
8.65046787261963
NA
NA
NA
NA
NA
5.60327529907227
5.6706748008728
6.5592303276062
5.5922646522522
6.43393039703369
7.28940773010254
8.54673862457275
6.79672336578369
10.5549030303955
13.4355506896973
13.8615503311157
14.7717618942261
15.039662361145
14.5749454498291
14.4077014923096
14.7240324020386
15.729790687561
17.3800201416016
22.4195880889893
5.25622367858887
16.4180507659912
20.6539058685303
29.7928771972656
6.48071622848511
9.25275611877441
8.70806884765625
7.91588354110718
8.55127048492432
8.82165718078613
12.8515186309814
10.5819177627563
9.06912517547607
12.5144577026367
11.1993951797485
11.5016975402832
11.2910032272339
10.841667175293
11.1312599182129
11.7366704940796
11.6712493896484
11.5869779586792
12.1466550827026
13.079195022583
15.2269678115845
21.3110599517822
11.1453189849854
7.46181154251099
6.99493980407715
10.3633813858032
10.0889978408813
10.6045141220093
10.7895555496216
10.8168039321899
10.9797019958496
11.3536987304688
11.5784473419189
11.2250680923462
11.1109495162964
10.989333152771
10.8603038787842
10.8251285552979
10.5748996734619
10.1399517059326
9.83688735961914
9.64188003540039
9.62240600585938
9.35655307769775
9.30610275268555
8.96138191223145
8.6969051361084
8.7052755355835
8.55785655975342
8.50173377990723
8.45136165618896
8.52038097381592
NA
NA
NA
NA
NA
5.23629665374756
5.09992074966431
5.84753704071045
5.87270450592041
6.42064237594604
6.78303813934326
6.83957958221436
10.9295101165771
14.0822782516479
13.9242935180664
14.0002660751343
14.33482837677
14.6050300598145
14.3224782943726
14.3587064743042
14.8537273406982
15.7657737731934
16.7836723327637
19.610143661499
13.0923824310303
11.9518156051636
13.243821144104
17.2796611785889
10.7527141571045
8.59828662872314
7.76945781707764
6.49935626983643
7.29065132141113
7.50072336196899
7.73529958724976
11.5792636871338
6.31098651885986
11.7704858779907
12.1193704605103
11.8259057998657
11.7043113708496
11.6138858795166
11.5137929916382
11.9102973937988
12.1155271530151
12.6002731323242
13.277928352356
14.3192386627197
16.8246269226074
22.5409889221191
11.4553985595703
7.21831846237183
11.6806201934814
11.9475049972534
11.6833629608154
11.8876085281372
12.070611000061
12.1097326278687
11.8185510635376
11.8863887786865
11.7151298522949
11.6259622573853
11.4190158843994
11.2523555755615
11.1055355072021
10.9017276763916
10.8797283172607
10.3770570755005
10.0761318206787
9.93648719787598
9.76889896392822
9.47832012176514
9.25030326843262
9.00461101531982
8.93824863433838
8.83388805389404
8.71416664123535
8.53668403625488
8.48867511749268
8.56087875366211
NA
NA
NA
NA
NA
4.9737434387207
5.03601121902466
5.01707696914673
5.46455430984497
6.05090618133545
8.31597328186035
12.7714509963989
13.7514028549194
13.7936153411865
13.6420574188232
13.8314571380615
13.4378757476807
13.825267791748
13.8530054092407
14.3069820404053
14.8103342056274
15.499213218689
16.2613639831543
17.5404796600342
20.7649326324463
22.9531269073486
23.7890739440918
27.5213890075684
10.7501964569092
7.48412704467773
6.28760814666748
6.34710073471069
6.16055774688721
6.55164670944214
8.17334651947021
12.1057748794556
11.8703508377075
5.699875831604
11.1175031661987
12.8997020721436
11.7460651397705
11.2270841598511
11.8036336898804
12.1213150024414
12.895112991333
13.6619138717651
14.0478610992432
14.4775199890137
16.1399097442627
16.7210121154785
9.87192630767822
5.7467622756958
11.4040441513062
12.3696422576904
12.3368854522705
12.6320400238037
12.7122945785522
12.3776712417603
12.2322673797607
11.9337577819824
11.7414464950562
11.472282409668
11.4278383255005
11.3054132461548
11.2390108108521
11.1284675598145
10.8109140396118
10.5906658172607
10.5073051452637
10.134202003479
9.92214012145996
9.73741340637207
9.48820972442627
9.30238437652588
9.34527492523193
9.179762840271
8.92733001708984
8.7732515335083
8.76846027374268
8.77344226837158
